# relative_time, cycles_done, cur_item, corpus_count, pending_total, pending_favs, map_size, saved_crashes, saved_hangs, max_depth, execs_per_sec, total_execs, edges_found
60, 0, 232, 269, 256, 72, 2.14%, 0, 0, 4, 1307.81, 79773, 706
65, 0, 232, 272, 259, 72, 2.15%, 0, 0, 4, 1310.60, 86424, 708
70, 0, 232, 277, 264, 72, 2.16%, 0, 0, 4, 1303.72, 93219, 712
76, 0, 232, 278, 265, 72, 2.16%, 0, 0, 4, 1288.47, 99847, 713
81, 0, 83, 280, 266, 91, 2.16%, 0, 0, 4, 1282.46, 106516, 713
86, 0, 142, 286, 268, 89, 2.18%, 0, 0, 5, 1311.58, 113354, 718
91, 0, 274, 291, 269, 85, 2.22%, 0, 0, 5, 1331.54, 120051, 731
96, 0, 274, 293, 271, 85, 2.25%, 0, 0, 5, 1320.83, 126747, 741
101, 0, 274, 293, 271, 85, 2.25%, 0, 0, 5, 1319.16, 133429, 741
106, 0, 274, 293, 271, 85, 2.25%, 0, 0, 5, 1308.92, 140007, 741
111, 0, 274, 294, 272, 85, 2.25%, 0, 0, 5, 1335.06, 146748, 741
116, 0, 292, 300, 276, 91, 2.26%, 0, 0, 6, 1321.21, 153557, 744
121, 0, 292, 302, 278, 91, 2.26%, 0, 0, 6, 1326.90, 160201, 744
126, 0, 292, 302, 278, 91, 2.26%, 0, 0, 6, 1337.80, 166935, 744
132, 0, 242, 304, 276, 87, 2.26%, 0, 0, 6, 1312.36, 173719, 745
137, 0, 56, 319, 290, 86, 2.27%, 0, 0, 6, 1332.33, 180433, 747
142, 0, 56, 321, 292, 86, 2.27%, 0, 0, 6, 1325.84, 187103, 747
147, 0, 56, 323, 294, 86, 2.27%, 0, 0, 6, 1303.27, 193601, 747
152, 0, 56, 326, 297, 86, 2.27%, 0, 0, 6, 1319.68, 200268, 747
157, 0, 56, 327, 298, 86, 2.27%, 0, 0, 6, 1326.38, 207191, 749
162, 0, 144, 332, 297, 82, 2.27%, 0, 0, 6, 1319.42, 214047, 749
167, 0, 194, 341, 304, 80, 2.28%, 0, 0, 6, 1323.77, 220670, 751
172, 0, 194, 344, 307, 80, 2.28%, 0, 0, 6, 1321.32, 227295, 751
177, 0, 194, 344, 307, 80, 2.28%, 0, 0, 6, 1291.17, 233821, 751
182, 0, 194, 344, 307, 80, 2.28%, 0, 0, 6, 1290.55, 240555, 751
187, 0, 194, 347, 310, 80, 2.28%, 0, 0, 6, 1322.93, 247414, 753
193, 0, 270, 349, 307, 79, 2.29%, 0, 0, 6, 1334.88, 254284, 755
198, 0, 348, 354, 305, 72, 2.32%, 0, 0, 6, 1339.83, 261176, 765
203, 0, 350, 358, 304, 69, 2.34%, 0, 0, 6, 1343.62, 268197, 772
208, 0, 350, 361, 307, 69, 2.36%, 0, 0, 6, 1315.39, 274770, 779
213, 0, 350, 364, 310, 69, 2.38%, 0, 0, 6, 1325.98, 281473, 784
218, 0, 350, 366, 312, 69, 2.38%, 0, 0, 6, 1347.86, 288247, 786
223, 0, 350, 367, 313, 69, 2.39%, 0, 0, 6, 1343.58, 294962, 787
228, 0, 64, 368, 312, 78, 2.39%, 0, 0, 6, 1336.12, 301652, 788
233, 0, 290, 377, 316, 72, 2.43%, 0, 0, 6, 1326.92, 308299, 802
238, 0, 290, 387, 326, 72, 2.46%, 0, 0, 6, 1324.25, 314947, 810
243, 0, 290, 396, 335, 72, 2.46%, 0, 0, 6, 1264.54, 321324, 812
248, 0, 290, 397, 336, 72, 2.47%, 0, 0, 6, 1319.16, 327991, 814
253, 0, 290, 400, 339, 72, 2.47%, 0, 0, 6, 1326.11, 334668, 816
258, 0, 290, 402, 341, 72, 2.47%, 0, 0, 6, 1330.12, 341408, 816
264, 0, 377, 409, 344, 79, 2.49%, 0, 0, 7, 1328.84, 348280, 821
269, 0, 337, 422, 356, 79, 2.51%, 0, 0, 7, 1313.95, 355101, 828
274, 0, 337, 424, 358, 79, 2.51%, 0, 0, 7, 1300.20, 361849, 828
279, 0, 337, 429, 363, 79, 2.52%, 0, 0, 7, 1318.14, 368514, 830
284, 0, 337, 430, 364, 79, 2.57%, 0, 0, 7, 1319.71, 375384, 847
289, 0, 181, 432, 362, 83, 2.57%, 0, 0, 7, 1308.21, 381989, 848
294, 0, 80, 433, 357, 77, 2.57%, 0, 0, 7, 1314.29, 388808, 848
299, 0, 429, 440, 359, 74, 2.60%, 0, 0, 7, 1282.58, 395283, 856
305, 0, 429, 442, 361, 74, 2.60%, 0, 0, 7, 930.49, 400056, 856
310, 0, 429, 445, 364, 74, 2.61%, 0, 0, 7, 764.08, 403638, 860
315, 0, 429, 449, 368, 74, 2.61%, 0, 0, 7, 1144.68, 409597, 862
320, 0, 429, 450, 369, 74, 2.61%, 0, 0, 7, 1346.81, 416596, 862
325, 0, 424, 453, 370, 77, 2.62%, 0, 0, 7, 1408.02, 423662, 863
330, 0, 399, 473, 387, 75, 2.66%, 0, 0, 7, 1410.93, 430801, 877
335, 0, 399, 479, 393, 75, 2.67%, 0, 0, 7, 1426.49, 437955, 879
340, 0, 399, 483, 397, 75, 2.69%, 0, 0, 7, 1443.08, 445263, 888
345, 0, 399, 487, 401, 75, 2.70%, 0, 0, 7, 1307.35, 451977, 890
350, 0, 399, 488, 402, 75, 2.71%, 0, 0, 7, 1370.78, 459001, 892
355, 0, 215, 492, 403, 86, 2.72%, 0, 0, 7, 1018.50, 463513, 896
360, 0, 477, 498, 406, 83, 2.72%, 0, 0, 8, 1237.09, 470189, 898
366, 0, 477, 504, 412, 83, 2.72%, 0, 0, 8, 1287.04, 476892, 898
371, 0, 477, 506, 414, 83, 2.72%, 0, 0, 8, 1300.47, 483431, 898
376, 0, 477, 507, 415, 83, 2.72%, 0, 0, 8, 1304.86, 490034, 898
381, 0, 477, 510, 418, 83, 2.73%, 0, 0, 8, 1294.43, 496734, 899
386, 0, 477, 512, 420, 83, 2.73%, 0, 0, 8, 1303.15, 503291, 899
391, 0, 149, 516, 419, 84, 2.73%, 0, 0, 8, 1298.57, 509993, 900
396, 0, 201, 519, 418, 81, 2.73%, 0, 0, 8, 1318.54, 516600, 900
401, 0, 362, 522, 415, 77, 2.73%, 0, 0, 8, 1322.90, 523265, 901
406, 0, 277, 527, 416, 75, 2.74%, 0, 0, 8, 1327.17, 530139, 905
411, 0, 277, 530, 419, 75, 2.75%, 0, 0, 8, 1333.29, 536826, 908
416, 0, 277, 530, 419, 75, 2.75%, 0, 0, 8, 1317.21, 543430, 908
421, 0, 277, 531, 420, 75, 2.76%, 0, 0, 8, 1321.18, 550093, 909
426, 0, 277, 531, 420, 75, 2.76%, 0, 0, 8, 1317.85, 556671, 909
432, 0, 526, 533, 421, 81, 2.78%, 0, 0, 8, 1320.94, 563569, 916
437, 0, 299, 534, 418, 79, 2.78%, 0, 0, 8, 1322.20, 570427, 916
442, 0, 511, 537, 419, 77, 2.78%, 0, 0, 9, 1300.82, 577013, 917
447, 0, 491, 542, 423, 77, 2.79%, 0, 0, 9, 1318.05, 583821, 921
452, 0, 491, 544, 425, 77, 2.80%, 0, 0, 9, 1314.15, 590413, 922
457, 0, 491, 545, 426, 77, 2.80%, 0, 0, 9, 1342.01, 597440, 923
462, 0, 491, 546, 427, 77, 2.80%, 0, 0, 9, 1341.64, 604363, 923
467, 0, 491, 546, 427, 77, 2.80%, 0, 0, 9, 1357.26, 611206, 923
472, 0, 352, 549, 427, 77, 2.80%, 0, 0, 9, 1222.53, 617188, 923
478, 0, 256, 553, 427, 77, 2.81%, 0, 0, 9, 1281.60, 623805, 928
483, 0, 522, 561, 431, 74, 2.82%, 0, 0, 9, 1303.68, 630633, 929
488, 0, 522, 562, 432, 74, 2.82%, 0, 0, 9, 1331.03, 637374, 929
493, 0, 522, 562, 432, 74, 2.82%, 0, 0, 9, 1324.60, 644030, 929
498, 0, 522, 562, 432, 74, 2.82%, 0, 0, 9, 1335.24, 650738, 929
503, 0, 522, 562, 432, 74, 2.82%, 0, 0, 9, 1338.90, 657472, 929
508, 0, 303, 563, 432, 74, 2.82%, 0, 0, 9, 1299.89, 663979, 929
513, 0, 507, 567, 434, 72, 2.82%, 0, 0, 9, 1288.67, 670683, 929
518, 0, 483, 570, 434, 69, 2.82%, 0, 0, 9, 1305.09, 677268, 930
523, 0, 540, 577, 440, 70, 2.84%, 0, 0, 9, 1378.41, 684458, 935
528, 0, 540, 577, 440, 70, 2.84%, 0, 0, 9, 1398.89, 691694, 935
534, 0, 540, 578, 441, 70, 2.85%, 0, 0, 9, 1409.08, 698776, 941
539, 0, 540, 579, 442, 70, 2.86%, 0, 0, 9, 1391.84, 705721, 942
544, 0, 220, 579, 441, 76, 2.86%, 0, 0, 9, 1378.76, 712869, 942
549, 0, 543, 580, 438, 72, 2.86%, 0, 0, 9, 1253.69, 719228, 942
554, 0, 520, 581, 436, 69, 2.86%, 0, 0, 9, 1065.50, 724534, 943
559, 0, 515, 583, 434, 65, 2.86%, 0, 0, 9, 1166.09, 730301, 943
564, 0, 373, 584, 430, 59, 2.86%, 0, 0, 9, 1230.75, 736477, 943
569, 0, 452, 584, 426, 56, 2.86%, 0, 0, 9, 1241.63, 742695, 943
574, 0, 524, 585, 424, 53, 2.86%, 0, 0, 9, 1287.45, 749302, 943
579, 0, 577, 598, 434, 50, 2.87%, 0, 0, 9, 1334.89, 756174, 946
584, 0, 577, 599, 435, 50, 2.91%, 0, 0, 9, 1332.15, 762863, 958
589, 0, 577, 600, 436, 50, 2.91%, 0, 0, 9, 1355.71, 769995, 961
594, 0, 577, 602, 438, 50, 2.92%, 0, 0, 9, 1359.54, 776813, 963
599, 0, 577, 603, 439, 50, 2.92%, 0, 0, 9, 1355.44, 783543, 964
604, 0, 602, 615, 450, 58, 2.94%, 0, 0, 9, 1294.17, 790017, 970
610, 0, 602, 621, 456, 58, 2.97%, 0, 0, 9, 1265.48, 796559, 979
615, 0, 602, 623, 458, 58, 2.98%, 0, 0, 9, 1286.89, 802973, 981
620, 0, 602, 626, 461, 58, 2.98%, 0, 0, 9, 1286.59, 809544, 983
625, 0, 602, 627, 462, 58, 2.98%, 0, 0, 9, 1149.19, 815481, 983
630, 0, 525, 627, 461, 67, 2.98%, 0, 0, 9, 1255.52, 821952, 983
635, 0, 623, 638, 469, 64, 2.99%, 0, 0, 9, 1304.88, 828712, 987
640, 0, 623, 644, 475, 64, 3.01%, 0, 0, 9, 1322.20, 835384, 991
645, 0, 623, 647, 478, 64, 3.01%, 0, 0, 9, 1321.55, 842009, 992
650, 0, 623, 647, 478, 64, 3.01%, 0, 0, 9, 1326.55, 848665, 992
655, 0, 346, 647, 475, 68, 3.01%, 0, 0, 9, 1316.27, 855532, 992
661, 0, 548, 649, 475, 66, 3.01%, 0, 0, 9, 1272.91, 861920, 992
666, 0, 296, 651, 473, 62, 3.01%, 0, 0, 9, 1318.69, 868848, 992
671, 0, 639, 655, 475, 61, 3.01%, 0, 0, 10, 1346.42, 875891, 994
676, 0, 437, 655, 473, 60, 3.01%, 0, 0, 10, 1300.49, 882392, 994
681, 0, 654, 662, 476, 57, 3.03%, 0, 0, 11, 1268.59, 888885, 999
686, 0, 654, 665, 479, 57, 3.03%, 0, 0, 11, 1312.83, 895827, 1000
691, 0, 654, 670, 484, 57, 3.04%, 0, 0, 11, 1312.97, 902388, 1003
697, 0, 654, 672, 486, 57, 3.04%, 0, 0, 11, 1351.58, 909422, 1003
702, 0, 443, 675, 487, 61, 3.05%, 0, 0, 11, 1353.12, 916206, 1006
707, 0, 668, 679, 488, 58, 3.05%, 0, 0, 12, 1328.56, 923038, 1007
712, 0, 668, 685, 494, 58, 3.06%, 0, 0, 12, 1350.08, 929840, 1009
717, 0, 668, 685, 494, 58, 3.06%, 0, 0, 12, 1331.83, 936548, 1009
722, 0, 668, 687, 496, 58, 3.06%, 0, 0, 12, 1277.94, 942963, 1009
727, 0, 493, 687, 494, 58, 3.06%, 0, 0, 12, 1330.23, 949923, 1009
732, 0, 666, 691, 497, 57, 3.06%, 0, 0, 12, 1325.61, 956755, 1009
737, 0, 686, 691, 492, 53, 3.06%, 0, 0, 12, 1317.76, 963601, 1009
742, 0, 430, 696, 496, 53, 3.07%, 0, 0, 13, 1195.70, 969674, 1011
747, 0, 430, 699, 499, 53, 3.07%, 0, 0, 13, 1234.21, 975623, 1013
753, 0, 430, 700, 500, 53, 3.08%, 0, 0, 13, 1273.54, 982312, 1014
758, 0, 430, 701, 501, 53, 3.08%, 0, 0, 13, 1294.94, 989044, 1014
763, 0, 655, 701, 499, 55, 3.08%, 0, 0, 13, 1284.28, 995471, 1014
768, 0, 413, 701, 496, 52, 3.08%, 0, 0, 13, 1265.58, 1001686, 1014
773, 0, 114, 704, 496, 50, 3.08%, 0, 0, 13, 1312.87, 1008394, 1015
778, 0, 673, 706, 495, 48, 3.08%, 0, 0, 13, 1321.28, 1015155, 1016
783, 0, 570, 706, 492, 46, 3.08%, 0, 0, 13, 1287.87, 1021662, 1016
788, 0, 224, 706, 489, 43, 3.08%, 0, 0, 13, 1312.23, 1028448, 1016
793, 0, 637, 706, 486, 40, 3.08%, 0, 0, 13, 1241.70, 1034755, 1016
798, 0, 513, 707, 483, 37, 3.08%, 0, 0, 13, 1147.96, 1039894, 1017
803, 0, 652, 707, 480, 34, 3.08%, 0, 0, 13, 1232.31, 1046282, 1017
808, 0, 361, 707, 478, 32, 3.08%, 0, 0, 13, 1252.71, 1052735, 1017
813, 0, 692, 708, 476, 29, 3.08%, 0, 0, 13, 1268.07, 1059144, 1017
819, 0, 706, 708, 473, 26, 3.08%, 0, 0, 13, 1316.78, 1065884, 1017
824, 0, 353, 709, 471, 23, 3.08%, 0, 0, 13, 1249.50, 1072033, 1017
829, 0, 345, 710, 470, 21, 3.08%, 0, 0, 13, 1249.48, 1078451, 1017
834, 0, 508, 710, 468, 19, 3.08%, 0, 0, 13, 1311.56, 1085220, 1017
839, 0, 665, 710, 463, 14, 3.08%, 0, 0, 13, 1276.99, 1091606, 1017
844, 0, 620, 710, 461, 12, 3.08%, 0, 0, 13, 1159.72, 1097597, 1017
849, 0, 574, 710, 458, 9, 3.08%, 0, 0, 13, 1268.03, 1104182, 1017
854, 0, 601, 715, 462, 8, 3.08%, 0, 0, 13, 1243.25, 1110359, 1017
859, 0, 601, 715, 462, 8, 3.08%, 0, 0, 13, 859.71, 1114216, 1017
865, 0, 601, 715, 462, 8, 3.08%, 0, 0, 13, 981.12, 1119159, 1017
870, 0, 601, 716, 463, 8, 3.08%, 0, 0, 13, 1373.12, 1126588, 1017
875, 0, 601, 716, 463, 8, 3.08%, 0, 0, 13, 1484.22, 1134453, 1017
880, 0, 559, 716, 462, 8, 3.08%, 0, 0, 13, 1481.72, 1141937, 1017
885, 0, 326, 716, 460, 6, 3.08%, 0, 0, 13, 1453.48, 1149393, 1017
890, 0, 713, 717, 460, 6, 3.08%, 0, 0, 13, 1466.48, 1156714, 1017
895, 0, 37, 720, 460, 6, 3.10%, 0, 0, 13, 1310.25, 1163272, 1022
900, 0, 378, 720, 460, 6, 3.10%, 0, 0, 13, 1382.91, 1170200, 1022
905, 0, 720, 721, 458, 4, 3.11%, 0, 0, 13, 1444.70, 1177535, 1026
911, 0, 721, 725, 461, 5, 3.13%, 0, 0, 13, 1454.61, 1185109, 1031
916, 0, 293, 725, 458, 5, 3.13%, 0, 0, 13, 1461.52, 1192535, 1031
921, 0, 481, 725, 457, 4, 3.13%, 0, 0, 13, 1428.80, 1199686, 1031
926, 0, 378, 725, 457, 4, 3.13%, 0, 0, 13, 1440.52, 1206938, 1031
931, 0, 326, 725, 457, 4, 3.13%, 0, 0, 13, 1416.24, 1214029, 1031
936, 0, 547, 725, 456, 3, 3.13%, 0, 0, 13, 1401.15, 1221049, 1031
941, 0, 630, 726, 457, 4, 3.13%, 0, 0, 13, 1473.38, 1228642, 1032
946, 0, 80, 727, 456, 3, 3.13%, 0, 0, 13, 1443.89, 1235833, 1032
951, 0, 720, 728, 456, 3, 3.13%, 0, 0, 13, 1445.95, 1243032, 1033
956, 0, 301, 730, 457, 4, 3.14%, 0, 0, 13, 1431.68, 1250503, 1034
961, 0, 719, 730, 456, 3, 3.14%, 0, 0, 13, 1448.54, 1258048, 1034
966, 0, 15, 730, 455, 2, 3.14%, 0, 0, 13, 1401.37, 1265128, 1034
972, 0, 201, 731, 455, 2, 3.14%, 0, 0, 13, 1406.43, 1272403, 1034
977, 0, 497, 732, 455, 2, 3.14%, 0, 0, 13, 1406.48, 1279467, 1034
982, 0, 201, 732, 455, 2, 3.14%, 0, 0, 13, 1430.96, 1286964, 1034
987, 0, 288, 732, 453, 1, 3.14%, 0, 0, 13, 1440.18, 1294421, 1034
992, 0, 293, 732, 452, 1, 3.14%, 0, 0, 13, 1436.99, 1301625, 1034
997, 0, 429, 732, 452, 1, 3.14%, 0, 0, 13, 1467.79, 1309266, 1034
1002, 0, 717, 732, 451, 1, 3.14%, 0, 0, 13, 1451.63, 1316745, 1034
1007, 0, 267, 733, 452, 2, 3.14%, 0, 0, 13, 1419.31, 1323824, 1034
1012, 0, 722, 733, 451, 1, 3.14%, 0, 0, 13, 1432.86, 1331242, 1034
1018, 0, 732, 733, 451, 1, 3.14%, 0, 0, 13, 1445.28, 1338517, 1034
1023, 0, 80, 733, 450, 0, 3.14%, 0, 0, 13, 1444.29, 1345974, 1034
1028, 0, 417, 736, 453, 0, 3.15%, 0, 0, 13, 1458.83, 1353604, 1040
1033, 0, 735, 741, 458, 2, 3.17%, 0, 0, 13, 1429.24, 1360998, 1044
1038, 0, 735, 747, 464, 2, 3.18%, 0, 0, 13, 1437.84, 1368264, 1049
1043, 0, 735, 747, 464, 2, 3.18%, 0, 0, 13, 1432.52, 1375488, 1049
1048, 0, 735, 749, 466, 2, 3.18%, 0, 0, 13, 1425.79, 1382614, 1050
1053, 0, 741, 755, 469, 5, 3.18%, 0, 0, 13, 1438.54, 1389866, 1050
1058, 0, 741, 757, 471, 5, 3.19%, 0, 0, 13, 1444.32, 1397188, 1052
1063, 0, 741, 757, 471, 5, 3.19%, 0, 0, 13, 1435.31, 1404412, 1052
1068, 0, 741, 759, 473, 5, 3.19%, 0, 0, 13, 1437.24, 1411650, 1052
1074, 0, 747, 766, 479, 5, 3.20%, 0, 0, 13, 1457.03, 1419012, 1055
1079, 0, 747, 768, 481, 5, 3.20%, 0, 0, 13, 1460.95, 1426479, 1055
1084, 0, 747, 768, 481, 5, 3.20%, 0, 0, 13, 1382.36, 1433523, 1055
1089, 0, 747, 768, 481, 5, 3.20%, 0, 0, 13, 1446.48, 1440843, 1055
1094, 0, 759, 768, 480, 7, 3.20%, 0, 0, 13, 1449.79, 1448142, 1055
1099, 0, 756, 772, 482, 6, 3.20%, 0, 0, 13, 1436.15, 1455406, 1055
1104, 0, 756, 774, 484, 6, 3.20%, 0, 0, 13, 1432.94, 1462616, 1056
1109, 0, 756, 774, 484, 6, 3.20%, 0, 0, 13, 1406.49, 1469812, 1056
1114, 0, 756, 775, 485, 6, 3.21%, 0, 0, 13, 1407.50, 1476819, 1057
1119, 0, 772, 778, 486, 7, 3.21%, 0, 0, 13, 1408.21, 1483921, 1057
1124, 0, 746, 784, 490, 5, 3.21%, 0, 0, 13, 1417.72, 1491089, 1058
1129, 0, 746, 787, 493, 5, 3.21%, 0, 0, 13, 1394.81, 1498139, 1059
1134, 0, 746, 789, 495, 5, 3.21%, 0, 0, 13, 1412.29, 1505488, 1060
1139, 0, 746, 789, 495, 5, 3.21%, 0, 0, 13, 1401.89, 1512544, 1060
1144, 0, 746, 790, 496, 5, 3.21%, 0, 0, 13, 1409.24, 1519691, 1060
1149, 0, 215, 790, 493, 8, 3.21%, 0, 0, 13, 1408.48, 1526780, 1060
1155, 0, 786, 792, 494, 8, 3.22%, 0, 0, 13, 1420.20, 1534162, 1061
1160, 0, 734, 793, 493, 7, 3.22%, 0, 0, 13, 1437.72, 1541380, 1061
1165, 0, 378, 794, 493, 6, 3.22%, 0, 0, 13, 1437.73, 1548535, 1061
1170, 0, 684, 794, 492, 5, 3.22%, 0, 0, 13, 1459.61, 1556042, 1061
1175, 0, 586, 794, 491, 4, 3.22%, 0, 0, 13, 1442.96, 1563289, 1061
1180, 0, 738, 795, 490, 3, 3.22%, 0, 0, 13, 1460.48, 1570925, 1061
1185, 0, 666, 796, 487, 0, 3.22%, 0, 0, 13, 1354.54, 1577591, 1061
1190, 0, 215, 796, 487, 0, 3.22%, 0, 0, 13, 1410.29, 1584802, 1061
1195, 0, 772, 796, 487, 0, 3.22%, 0, 0, 13, 1430.86, 1592043, 1061
1200, 0, 378, 796, 487, 0, 3.22%, 0, 0, 13, 1249.36, 1598432, 1061
1205, 0, 365, 797, 488, 0, 3.22%, 0, 0, 14, 1348.76, 1605182, 1061
1211, 0, 762, 798, 489, 0, 3.22%, 0, 0, 14, 1393.76, 1612489, 1061
1216, 0, 731, 799, 490, 2, 3.22%, 0, 0, 14, 1398.22, 1619461, 1061
1221, 0, 798, 800, 491, 2, 3.22%, 0, 0, 14, 1372.96, 1626313, 1061
1226, 0, 532, 802, 491, 1, 3.25%, 0, 0, 14, 1398.75, 1633672, 1070
1231, 0, 800, 809, 498, 2, 3.27%, 0, 0, 14, 1378.83, 1640750, 1077
1236, 0, 800, 809, 498, 2, 3.27%, 0, 0, 14, 1290.88, 1647280, 1077
1241, 0, 800, 810, 499, 2, 3.27%, 0, 0, 14, 1345.55, 1654392, 1077
1246, 0, 800, 810, 499, 2, 3.27%, 0, 0, 14, 1338.03, 1660880, 1077
1251, 0, 800, 811, 500, 2, 3.27%, 0, 0, 14, 1347.24, 1667661, 1077
1256, 0, 810, 812, 498, 7, 3.27%, 0, 0, 14, 1418.98, 1674880, 1077
1261, 0, 811, 816, 501, 7, 3.27%, 0, 0, 14, 1423.21, 1681960, 1079
1266, 0, 326, 817, 499, 7, 3.27%, 0, 0, 14, 1418.54, 1689032, 1079
1271, 0, 288, 819, 500, 7, 3.28%, 0, 0, 14, 1431.68, 1696207, 1080
1276, 0, 815, 819, 498, 5, 3.28%, 0, 0, 14, 1416.90, 1703331, 1080
1281, 0, 639, 819, 496, 2, 3.28%, 0, 0, 14, 1394.04, 1710336, 1080
1286, 0, 652, 819, 495, 1, 3.28%, 0, 0, 14, 1415.66, 1717442, 1080
1291, 0, 352, 820, 496, 1, 3.28%, 0, 0, 14, 1452.42, 1724849, 1080
1296, 0, 421, 821, 496, 1, 3.28%, 0, 0, 14, 1406.49, 1731778, 1080
1301, 0, 326, 821, 495, 0, 3.28%, 0, 0, 14, 1433.84, 1738981, 1080
1307, 0, 673, 821, 495, 0, 3.28%, 0, 0, 14, 1448.75, 1746517, 1080
1312, 0, 9, 822, 496, 1, 3.28%, 0, 0, 14, 1423.66, 1753917, 1080
1317, 0, 351, 822, 494, 1, 3.28%, 0, 0, 14, 1379.34, 1761073, 1080
1322, 0, 301, 822, 494, 1, 3.28%, 0, 0, 14, 1413.12, 1767998, 1080
1327, 0, 822, 826, 498, 2, 3.28%, 0, 0, 14, 1414.83, 1775084, 1080
1332, 0, 822, 827, 499, 2, 3.28%, 0, 0, 14, 1245.26, 1781304, 1080
1337, 0, 822, 828, 500, 2, 3.28%, 0, 0, 14, 1085.91, 1786613, 1080
1342, 0, 822, 828, 500, 2, 3.28%, 0, 0, 14, 1086.10, 1792010, 1080
1347, 0, 822, 828, 500, 2, 3.28%, 0, 0, 14, 989.55, 1796782, 1080
1352, 0, 652, 828, 499, 2, 3.28%, 0, 0, 14, 968.52, 1801734, 1080
1357, 0, 452, 829, 500, 2, 3.28%, 0, 0, 14, 966.59, 1806551, 1080
1362, 0, 821, 830, 501, 2, 3.28%, 0, 0, 14, 948.54, 1811200, 1080
1367, 0, 823, 833, 503, 1, 3.28%, 0, 0, 15, 783.65, 1815136, 1080
1372, 0, 823, 833, 503, 1, 3.28%, 0, 0, 15, 965.45, 1820326, 1080
1377, 0, 769, 835, 504, 0, 3.28%, 0, 0, 15, 1131.60, 1826094, 1080
1383, 0, 429, 835, 504, 0, 3.28%, 0, 0, 15, 1085.60, 1831716, 1080
1388, 0, 570, 835, 504, 0, 3.28%, 0, 0, 15, 1050.19, 1836975, 1080
1393, 0, 570, 835, 504, 0, 3.28%, 0, 0, 15, 1063.86, 1842432, 1080
1398, 0, 684, 835, 504, 0, 3.28%, 0, 0, 15, 1137.15, 1848344, 1080
1403, 0, 403, 835, 504, 0, 3.28%, 0, 0, 15, 736.61, 1851740, 1080
1408, 0, 482, 835, 504, 0, 3.28%, 0, 0, 15, 782.30, 1855774, 1080
1413, 0, 29, 835, 504, 0, 3.28%, 0, 0, 15, 880.81, 1860146, 1080
1418, 0, 782, 836, 505, 1, 3.28%, 0, 0, 15, 1013.86, 1865186, 1082
1423, 0, 215, 836, 504, 1, 3.28%, 0, 0, 15, 1122.28, 1871020, 1082
1428, 0, 215, 836, 503, 1, 3.28%, 0, 0, 15, 1153.09, 1876780, 1082
1433, 0, 358, 836, 502, 0, 3.28%, 0, 0, 15, 1114.27, 1882510, 1082
1438, 0, 815, 836, 502, 0, 3.28%, 0, 0, 15, 1154.86, 1888304, 1082
1444, 0, 587, 836, 502, 0, 3.28%, 0, 0, 15, 1102.78, 1893861, 1082
1449, 0, 544, 836, 502, 0, 3.28%, 0, 0, 15, 1022.42, 1898857, 1082
1454, 0, 652, 836, 502, 0, 3.28%, 0, 0, 15, 1198.45, 1904943, 1082
1459, 0, 665, 836, 502, 0, 3.28%, 0, 0, 15, 865.90, 1909053, 1082
1464, 0, 215, 836, 502, 0, 3.28%, 0, 0, 15, 1108.23, 1915077, 1082
1469, 0, 403, 837, 502, 0, 3.28%, 0, 0, 15, 1165.73, 1921402, 1082
1474, 0, 301, 837, 502, 0, 3.28%, 0, 0, 15, 1235.12, 1927813, 1082
1479, 0, 808, 837, 502, 0, 3.28%, 0, 0, 15, 1188.13, 1933330, 1082
1484, 0, 181, 837, 502, 0, 3.28%, 0, 0, 15, 1276.04, 1939829, 1082
1490, 0, 421, 837, 502, 0, 3.28%, 0, 0, 15, 1247.34, 1946295, 1082
1495, 0, 215, 837, 502, 0, 3.28%, 0, 0, 15, 1249.18, 1952536, 1082
1500, 0, 547, 837, 502, 0, 3.28%, 0, 0, 15, 1181.86, 1958763, 1082
1505, 0, 472, 838, 503, 1, 3.28%, 0, 0, 15, 1195.17, 1964354, 1083
1510, 0, 837, 845, 510, 1, 3.28%, 0, 0, 15, 1165.99, 1970481, 1083
1515, 0, 837, 845, 510, 1, 3.28%, 0, 0, 15, 1197.04, 1976462, 1083
1520, 0, 837, 847, 512, 1, 3.28%, 0, 0, 15, 1206.49, 1982469, 1083
1525, 0, 837, 847, 512, 1, 3.28%, 0, 0, 15, 1113.72, 1987949, 1083
1530, 0, 837, 852, 517, 1, 3.28%, 0, 0, 15, 1198.41, 1994336, 1083
1535, 0, 522, 852, 516, 2, 3.28%, 0, 0, 15, 1202.22, 2000328, 1083
1540, 0, 433, 853, 517, 2, 3.28%, 0, 0, 15, 1262.36, 2006634, 1083
1545, 0, 630, 853, 516, 1, 3.28%, 0, 0, 15, 1286.74, 2013055, 1083
1550, 0, 368, 853, 515, 1, 3.28%, 0, 0, 15, 1262.69, 2019610, 1083
1555, 0, 652, 854, 514, 0, 3.28%, 0, 0, 15, 1234.61, 2025864, 1083
1561, 0, 198, 854, 514, 0, 3.28%, 0, 0, 15, 1214.54, 2032082, 1083
1566, 0, 722, 854, 514, 0, 3.28%, 0, 0, 15, 1243.31, 2038316, 1083
1571, 0, 515, 856, 516, 1, 3.29%, 0, 0, 15, 1263.69, 2044864, 1084
1576, 0, 835, 856, 515, 1, 3.29%, 0, 0, 15, 1234.73, 2051153, 1084
1581, 0, 854, 860, 519, 1, 3.29%, 0, 0, 15, 1237.44, 2057468, 1084
1586, 0, 854, 862, 521, 1, 3.29%, 0, 0, 15, 1263.30, 2063804, 1084
1591, 0, 854, 863, 522, 1, 3.29%, 0, 0, 15, 1291.25, 2070450, 1084
1596, 0, 862, 863, 520, 1, 3.29%, 0, 0, 15, 1296.18, 2077225, 1084
1601, 0, 345, 864, 520, 0, 3.29%, 0, 0, 15, 1287.43, 2083650, 1084
1606, 0, 133, 864, 520, 0, 3.29%, 0, 0, 15, 1286.88, 2090149, 1084
1612, 0, 470, 864, 520, 0, 3.29%, 0, 0, 15, 1285.62, 2096721, 1084
1617, 0, 321, 864, 520, 0, 3.29%, 0, 0, 15, 1309.05, 2103505, 1084
1622, 0, 835, 864, 520, 0, 3.29%, 0, 0, 15, 1287.54, 2110188, 1084
1627, 0, 547, 865, 521, 0, 3.29%, 0, 0, 15, 1296.88, 2116888, 1084
1632, 0, 378, 866, 522, 0, 3.29%, 0, 0, 15, 1273.91, 2123266, 1084
1637, 0, 478, 867, 523, 1, 3.29%, 0, 0, 15, 1274.31, 2129948, 1084
1642, 0, 326, 867, 522, 1, 3.29%, 0, 0, 15, 1275.86, 2136556, 1084
1648, 0, 762, 867, 521, 0, 3.29%, 0, 0, 15, 1307.19, 2143297, 1084
1653, 0, 110, 867, 521, 0, 3.29%, 0, 0, 15, 1319.95, 2149888, 1084
1658, 0, 637, 867, 521, 0, 3.29%, 0, 0, 15, 1325.59, 2156736, 1084
1663, 0, 215, 867, 521, 0, 3.29%, 0, 0, 15, 1272.54, 2163367, 1084
1668, 0, 681, 867, 521, 0, 3.29%, 0, 0, 15, 1295.96, 2170103, 1084
1673, 0, 681, 867, 521, 0, 3.29%, 0, 0, 15, 1252.90, 2176545, 1084
1679, 0, 722, 867, 521, 0, 3.29%, 0, 0, 15, 1276.86, 2183093, 1084
1684, 0, 429, 867, 521, 0, 3.29%, 0, 0, 15, 1237.65, 2189414, 1084
1689, 0, 720, 867, 521, 0, 3.29%, 0, 0, 15, 1214.33, 2195849, 1084
1694, 0, 215, 867, 521, 0, 3.29%, 0, 0, 15, 1274.53, 2202490, 1084
1699, 0, 421, 869, 523, 0, 3.29%, 0, 0, 15, 1285.19, 2209195, 1084
1704, 0, 348, 869, 522, 0, 3.29%, 0, 0, 15, 1290.90, 2215916, 1084
1710, 0, 429, 869, 522, 0, 3.29%, 0, 0, 15, 1318.09, 2222496, 1084
1715, 0, 570, 869, 522, 0, 3.29%, 0, 0, 15, 1278.58, 2228787, 1084
1720, 0, 652, 869, 522, 0, 3.29%, 0, 0, 15, 1313.72, 2235602, 1084
1725, 0, 738, 869, 522, 0, 3.29%, 0, 0, 15, 1310.01, 2242437, 1084
1730, 0, 866, 869, 522, 0, 3.29%, 0, 0, 15, 1312.81, 2249024, 1084
1735, 0, 574, 869, 522, 0, 3.29%, 0, 0, 15, 1375.89, 2256119, 1084
1740, 0, 596, 869, 522, 0, 3.29%, 0, 0, 15, 1355.16, 2263187, 1084
1745, 0, 570, 869, 522, 0, 3.29%, 0, 0, 15, 1230.63, 2269092, 1084
1750, 0, 769, 869, 522, 0, 3.29%, 0, 0, 15, 1221.86, 2275487, 1084
1756, 0, 267, 869, 522, 0, 3.29%, 0, 0, 15, 1211.71, 2281591, 1084
1761, 0, 267, 870, 523, 0, 3.29%, 0, 0, 15, 1223.51, 2287648, 1084
1766, 0, 637, 870, 523, 0, 3.29%, 0, 0, 15, 1228.60, 2293879, 1084
1771, 0, 267, 870, 523, 0, 3.29%, 0, 0, 15, 1247.28, 2300362, 1084
1776, 0, 575, 870, 523, 0, 3.29%, 0, 0, 15, 1254.32, 2306841, 1084
1781, 0, 618, 870, 523, 0, 3.29%, 0, 0, 15, 1313.37, 2313697, 1084
1786, 0, 415, 870, 523, 0, 3.29%, 0, 0, 15, 1338.78, 2320669, 1084
1791, 0, 326, 870, 523, 0, 3.29%, 0, 0, 15, 1320.07, 2327246, 1084
1797, 0, 199, 871, 524, 0, 3.29%, 0, 0, 15, 1320.95, 2334076, 1084
1802, 0, 547, 871, 524, 0, 3.29%, 0, 0, 15, 1313.51, 2340884, 1084
1807, 0, 301, 872, 525, 0, 3.29%, 0, 0, 15, 1322.85, 2347718, 1084
1812, 0, 618, 872, 525, 0, 3.29%, 0, 0, 15, 1290.20, 2354213, 1084
1817, 0, 378, 872, 525, 0, 3.29%, 0, 0, 15, 1244.33, 2360679, 1084
1822, 0, 520, 872, 525, 0, 3.29%, 0, 0, 15, 1320.65, 2367380, 1084
1827, 0, 528, 872, 525, 0, 3.29%, 0, 0, 15, 1337.13, 2374328, 1084
1832, 0, 867, 872, 525, 0, 3.29%, 0, 0, 15, 1306.36, 2380806, 1084
1838, 0, 723, 872, 525, 0, 3.29%, 0, 0, 15, 1209.07, 2387100, 1084
1843, 0, 547, 872, 525, 0, 3.29%, 0, 0, 15, 1291.96, 2393895, 1084
1848, 0, 815, 872, 525, 0, 3.29%, 0, 0, 15, 1244.63, 2400184, 1084
1853, 0, 602, 872, 525, 0, 3.29%, 0, 0, 15, 1240.68, 2406493, 1084
1858, 0, 814, 872, 525, 0, 3.29%, 0, 0, 15, 1300.72, 2413121, 1084
1863, 0, 231, 872, 525, 0, 3.29%, 0, 0, 15, 1315.05, 2419743, 1084
1868, 0, 722, 872, 525, 0, 3.29%, 0, 0, 15, 1291.11, 2426267, 1084
1873, 0, 652, 872, 525, 0, 3.29%, 0, 0, 15, 1316.20, 2433122, 1084
1878, 0, 326, 872, 525, 0, 3.29%, 0, 0, 15, 1328.21, 2440023, 1084
1883, 0, 574, 872, 525, 0, 3.29%, 0, 0, 15, 1347.75, 2446731, 1084
1889, 0, 551, 872, 525, 0, 3.29%, 0, 0, 15, 1331.47, 2453780, 1084
1894, 1, 814, 872, 525, 0, 3.29%, 0, 0, 15, 1261.65, 2460283, 1084
1899, 1, 547, 872, 525, 0, 3.29%, 0, 0, 15, 1182.97, 2466099, 1084
1904, 1, 362, 873, 526, 0, 3.29%, 0, 0, 15, 1273.65, 2472782, 1084
1909, 1, 326, 873, 526, 0, 3.29%, 0, 0, 15, 1288.85, 2479528, 1084
1914, 1, 762, 873, 526, 0, 3.29%, 0, 0, 15, 1310.44, 2486315, 1084
1920, 1, 425, 873, 526, 0, 3.29%, 0, 0, 15, 1298.35, 2493046, 1084
1925, 1, 327, 873, 526, 0, 3.29%, 0, 0, 15, 1304.20, 2499799, 1084
1930, 1, 378, 873, 526, 0, 3.29%, 0, 0, 15, 1315.54, 2506681, 1084
1935, 1, 846, 877, 530, 0, 3.29%, 0, 0, 15, 1298.25, 2513390, 1085
1940, 1, 693, 877, 529, 2, 3.29%, 0, 0, 15, 1297.81, 2520091, 1085
1945, 1, 680, 877, 528, 1, 3.29%, 0, 0, 15, 1308.47, 2526867, 1085
1951, 1, 875, 885, 536, 1, 3.29%, 0, 0, 15, 1294.21, 2533612, 1085
1956, 1, 875, 887, 538, 1, 3.29%, 0, 0, 15, 1258.47, 2539901, 1085
1961, 1, 875, 888, 539, 1, 3.29%, 0, 0, 15, 1258.35, 2546208, 1085
1966, 1, 875, 888, 539, 1, 3.29%, 0, 0, 15, 1257.90, 2552558, 1085
1971, 1, 875, 890, 541, 1, 3.29%, 0, 0, 15, 1235.66, 2558992, 1086
1976, 1, 875, 891, 542, 1, 3.29%, 0, 0, 15, 784.83, 2562404, 1086
1981, 1, 481, 892, 542, 1, 3.29%, 0, 0, 15, 881.16, 2566827, 1086
1986, 1, 889, 894, 544, 1, 3.30%, 0, 0, 15, 1260.00, 2573640, 1087
1991, 1, 652, 894, 543, 1, 3.30%, 0, 0, 15, 1370.27, 2580567, 1087
1997, 1, 215, 896, 544, 3, 3.30%, 0, 0, 15, 1407.44, 2587948, 1088
2002, 1, 639, 896, 544, 3, 3.30%, 0, 0, 15, 1433.64, 2595140, 1088
2007, 1, 215, 896, 544, 3, 3.30%, 0, 0, 15, 1423.94, 2602577, 1088
2012, 1, 698, 897, 545, 3, 3.30%, 0, 0, 15, 1406.74, 2609660, 1088
2017, 1, 819, 897, 544, 3, 3.30%, 0, 0, 15, 1389.32, 2616876, 1088
2022, 1, 297, 898, 543, 2, 3.30%, 0, 0, 15, 1352.92, 2623906, 1088
2027, 1, 560, 898, 542, 2, 3.30%, 0, 0, 15, 1308.74, 2630463, 1088
2032, 1, 895, 899, 542, 2, 3.30%, 0, 0, 15, 1376.10, 2637423, 1088
2037, 1, 547, 901, 543, 3, 3.30%, 0, 0, 15, 1374.18, 2644576, 1088
2043, 1, 899, 901, 543, 3, 3.30%, 0, 0, 15, 1374.56, 2651737, 1088
2048, 1, 268, 901, 541, 1, 3.30%, 0, 0, 15, 1397.02, 2659005, 1088
2053, 1, 5, 901, 540, 1, 3.30%, 0, 0, 15, 1378.40, 2665839, 1088
2058, 1, 814, 902, 539, 1, 3.30%, 0, 0, 15, 1377.03, 2672994, 1088
2063, 1, 838, 902, 538, 1, 3.30%, 0, 0, 15, 1365.33, 2680107, 1088
2068, 1, 472, 903, 537, 1, 3.30%, 0, 0, 15, 1387.62, 2687370, 1089
2074, 1, 328, 904, 537, 1, 3.30%, 0, 0, 15, 1433.96, 2694823, 1089
2079, 1, 291, 905, 537, 1, 3.31%, 0, 0, 15, 1391.18, 2701912, 1090
2084, 1, 168, 905, 537, 1, 3.31%, 0, 0, 15, 1324.88, 2708435, 1090
2089, 1, 429, 905, 537, 1, 3.31%, 0, 0, 15, 1400.41, 2715837, 1090
2094, 1, 353, 905, 535, 1, 3.31%, 0, 0, 15, 1412.60, 2723024, 1090
2099, 1, 215, 906, 536, 2, 3.31%, 0, 0, 15, 1371.75, 2729975, 1090
2104, 1, 905, 909, 539, 2, 3.31%, 0, 0, 15, 1479.19, 2737546, 1090
2109, 1, 905, 909, 539, 2, 3.31%, 0, 0, 15, 1502.32, 2745427, 1090
2114, 1, 436, 909, 538, 1, 3.31%, 0, 0, 15, 1365.34, 2751989, 1090
2119, 1, 615, 909, 538, 1, 3.31%, 0, 0, 15, 1392.82, 2759176, 1090
2125, 1, 722, 909, 538, 1, 3.31%, 0, 0, 15, 1426.20, 2766661, 1090
2130, 1, 722, 909, 538, 1, 3.31%, 0, 0, 15, 1397.24, 2773784, 1090
2135, 1, 681, 910, 538, 0, 3.31%, 0, 0, 15, 1425.88, 2781268, 1090
2140, 1, 681, 911, 539, 0, 3.31%, 0, 0, 15, 1410.97, 2788359, 1090
2145, 1, 681, 911, 539, 0, 3.31%, 0, 0, 15, 1394.04, 2795739, 1090
2150, 1, 210, 911, 539, 0, 3.31%, 0, 0, 15, 1392.64, 2802924, 1090
2155, 1, 839, 911, 539, 0, 3.31%, 0, 0, 15, 1372.63, 2809887, 1090
2161, 1, 355, 911, 539, 0, 3.31%, 0, 0, 15, 1430.00, 2817374, 1090
2166, 1, 425, 912, 540, 0, 3.31%, 0, 0, 15, 1433.55, 2824835, 1090
2171, 1, 777, 912, 540, 0, 3.31%, 0, 0, 15, 1433.96, 2832019, 1090
2176, 1, 762, 912, 540, 0, 3.31%, 0, 0, 15, 1413.23, 2839310, 1090
2181, 1, 321, 912, 540, 0, 3.31%, 0, 0, 15, 1424.15, 2846677, 1090
2186, 1, 424, 912, 539, 0, 3.31%, 0, 0, 15, 1444.63, 2854176, 1090
2192, 1, 615, 912, 539, 0, 3.31%, 0, 0, 15, 1419.10, 2861430, 1090
2197, 1, 429, 913, 540, 0, 3.31%, 0, 0, 15, 1425.01, 2868529, 1090
2202, 1, 781, 913, 540, 0, 3.31%, 0, 0, 15, 1435.63, 2875735, 1090
2207, 1, 429, 913, 540, 0, 3.31%, 0, 0, 15, 1388.88, 2883011, 1090
2212, 1, 727, 913, 540, 0, 3.31%, 0, 0, 15, 1377.63, 2889975, 1090
2217, 1, 913, 915, 542, 1, 3.32%, 0, 0, 15, 1354.77, 2896698, 1093
2222, 1, 914, 918, 544, 1, 3.32%, 0, 0, 15, 1362.78, 2903583, 1093
2227, 1, 914, 920, 546, 1, 3.32%, 0, 0, 15, 1430.22, 2911054, 1093
2232, 1, 914, 923, 549, 1, 3.32%, 0, 0, 15, 1443.84, 2918551, 1093
2237, 1, 914, 923, 549, 1, 3.32%, 0, 0, 15, 1441.26, 2925719, 1093
2242, 1, 916, 923, 548, 1, 3.32%, 0, 0, 15, 1372.96, 2932524, 1093
2248, 1, 326, 923, 547, 0, 3.32%, 0, 0, 15, 1408.41, 2939849, 1093
2253, 1, 722, 923, 547, 0, 3.32%, 0, 0, 15, 1424.39, 2946967, 1093
2258, 1, 892, 923, 547, 0, 3.32%, 0, 0, 15, 1417.13, 2954146, 1093
2263, 1, 301, 923, 546, 0, 3.32%, 0, 0, 15, 1428.25, 2961558, 1093
2268, 1, 429, 923, 546, 0, 3.32%, 0, 0, 15, 1353.73, 2968501, 1093
2273, 1, 267, 924, 547, 0, 3.32%, 0, 0, 15, 1306.60, 2975254, 1093
2278, 1, 452, 926, 549, 1, 3.32%, 0, 0, 15, 1354.56, 2982296, 1093
2283, 1, 424, 926, 549, 1, 3.32%, 0, 0, 15, 1362.12, 2988992, 1093
2288, 1, 925, 926, 549, 1, 3.32%, 0, 0, 15, 1422.97, 2996442, 1093
2293, 1, 814, 926, 548, 0, 3.32%, 0, 0, 15, 1421.40, 3003558, 1093
2299, 1, 437, 927, 549, 0, 3.32%, 0, 0, 15, 1253.08, 3009923, 1094
2304, 1, 926, 927, 549, 1, 3.32%, 0, 0, 15, 1374.07, 3017120, 1094
2309, 1, 652, 927, 548, 0, 3.32%, 0, 0, 15, 1346.27, 3023915, 1094
2314, 1, 215, 927, 548, 0, 3.32%, 0, 0, 15, 1316.11, 3030457, 1094
2319, 1, 493, 927, 548, 0, 3.32%, 0, 0, 15, 1386.48, 3037492, 1094
2324, 1, 788, 928, 549, 0, 3.32%, 0, 0, 15, 1434.78, 3044763, 1094
2329, 1, 321, 928, 547, 0, 3.32%, 0, 0, 15, 1424.62, 3051898, 1094
2334, 1, 291, 928, 547, 0, 3.32%, 0, 0, 15, 1378.05, 3058723, 1094
2339, 1, 547, 928, 547, 0, 3.32%, 0, 0, 15, 1408.45, 3065824, 1094
2344, 1, 652, 928, 547, 0, 3.32%, 0, 0, 15, 1366.04, 3072658, 1094
2349, 1, 161, 928, 547, 0, 3.32%, 0, 0, 15, 1362.15, 3079691, 1094
2354, 1, 508, 928, 547, 0, 3.32%, 0, 0, 15, 1400.37, 3086987, 1094
2359, 1, 274, 928, 547, 0, 3.32%, 0, 0, 15, 1375.62, 3094073, 1094
2364, 1, 803, 928, 547, 0, 3.32%, 0, 0, 15, 1401.04, 3101079, 1094
2370, 1, 928, 930, 549, 1, 3.32%, 0, 0, 15, 1360.80, 3108005, 1095
2375, 1, 928, 934, 553, 1, 3.32%, 0, 0, 15, 1407.59, 3115431, 1095
2380, 1, 928, 935, 554, 1, 3.32%, 0, 0, 15, 1381.58, 3122377, 1095
2385, 1, 928, 936, 555, 1, 3.32%, 0, 0, 15, 1420.46, 3129613, 1095
2390, 1, 37, 936, 554, 0, 3.32%, 0, 0, 15, 1433.19, 3137070, 1095
2395, 1, 326, 936, 554, 0, 3.32%, 0, 0, 15, 1420.22, 3144379, 1095
2400, 1, 723, 936, 554, 0, 3.32%, 0, 0, 15, 1419.47, 3151676, 1095
2406, 1, 722, 936, 554, 0, 3.32%, 0, 0, 15, 1403.82, 3158907, 1095
2411, 1, 115, 936, 554, 0, 3.32%, 0, 0, 15, 1403.00, 3166044, 1095
2416, 1, 255, 936, 554, 0, 3.32%, 0, 0, 15, 1414.96, 3173136, 1095
2421, 1, 527, 936, 554, 0, 3.32%, 0, 0, 15, 1359.18, 3180118, 1095
2426, 1, 772, 936, 554, 0, 3.32%, 0, 0, 15, 1382.48, 3187139, 1095
2431, 1, 215, 936, 554, 0, 3.32%, 0, 0, 15, 1375.88, 3194083, 1095
2436, 1, 814, 936, 554, 0, 3.32%, 0, 0, 15, 1372.67, 3201215, 1095
2441, 1, 271, 936, 554, 0, 3.32%, 0, 0, 15, 1401.08, 3208545, 1095
2446, 1, 271, 936, 553, 0, 3.32%, 0, 0, 15, 1407.70, 3215848, 1095
2451, 1, 666, 936, 553, 0, 3.32%, 0, 0, 15, 1393.72, 3222759, 1095
2456, 1, 326, 936, 553, 0, 3.32%, 0, 0, 15, 1382.40, 3229730, 1095
2462, 1, 429, 936, 553, 0, 3.32%, 0, 0, 15, 1399.47, 3236753, 1095
2467, 1, 814, 936, 553, 0, 3.32%, 0, 0, 15, 1395.39, 3243717, 1095
2472, 1, 806, 936, 553, 0, 3.32%, 0, 0, 15, 1354.80, 3250774, 1095
2477, 1, 268, 936, 553, 0, 3.32%, 0, 0, 15, 1334.63, 3257532, 1095
2482, 1, 547, 936, 553, 0, 3.32%, 0, 0, 15, 1347.16, 3264350, 1095
2487, 1, 301, 936, 553, 0, 3.32%, 0, 0, 15, 1137.36, 3269964, 1095
2492, 1, 16, 936, 553, 0, 3.32%, 0, 0, 15, 870.77, 3273842, 1095
2497, 1, 357, 937, 554, 1, 3.32%, 0, 0, 15, 1036.85, 3279254, 1096
2502, 1, 936, 938, 555, 1, 3.32%, 0, 0, 15, 1250.41, 3285826, 1096
2507, 1, 936, 942, 559, 1, 3.32%, 0, 0, 15, 1259.61, 3292207, 1096
2512, 1, 936, 942, 559, 1, 3.32%, 0, 0, 15, 1372.38, 3299087, 1096
2517, 1, 936, 944, 561, 1, 3.32%, 0, 0, 15, 1496.41, 3307004, 1096
2523, 1, 814, 944, 560, 1, 3.32%, 0, 0, 15, 1467.59, 3314652, 1096
2528, 1, 943, 945, 561, 1, 3.32%, 0, 0, 15, 1476.58, 3322217, 1096
2533, 1, 5, 945, 560, 0, 3.32%, 0, 0, 15, 1454.96, 3329599, 1096
2538, 1, 301, 945, 560, 0, 3.32%, 0, 0, 15, 1421.25, 3336953, 1096
2543, 1, 622, 945, 559, 0, 3.32%, 0, 0, 15, 1427.67, 3344162, 1096
2548, 1, 425, 945, 558, 0, 3.32%, 0, 0, 15, 1414.71, 3351300, 1096
2553, 1, 326, 945, 558, 0, 3.32%, 0, 0, 15, 1410.81, 3358444, 1096
2558, 1, 215, 945, 558, 0, 3.32%, 0, 0, 15, 1340.52, 3365074, 1096
2563, 1, 464, 945, 558, 0, 3.32%, 0, 0, 15, 936.91, 3369774, 1096
2569, 1, 429, 945, 558, 0, 3.32%, 0, 0, 15, 983.90, 3374374, 1096
2574, 1, 284, 945, 558, 0, 3.32%, 0, 0, 15, 1176.24, 3380729, 1096
2579, 1, 762, 945, 558, 0, 3.32%, 0, 0, 15, 1248.18, 3387236, 1096
2584, 1, 303, 945, 558, 0, 3.32%, 0, 0, 15, 1287.53, 3393795, 1096
2589, 1, 615, 945, 558, 0, 3.32%, 0, 0, 15, 1245.31, 3400166, 1096
2594, 1, 693, 945, 558, 0, 3.32%, 0, 0, 15, 1246.34, 3406302, 1096
2599, 1, 681, 945, 558, 0, 3.32%, 0, 0, 15, 1239.21, 3412698, 1096
2604, 1, 681, 945, 558, 0, 3.32%, 0, 0, 15, 1279.92, 3419100, 1096
2609, 1, 326, 945, 558, 0, 3.32%, 0, 0, 15, 1305.30, 3425947, 1096
2615, 1, 706, 945, 558, 0, 3.32%, 0, 0, 15, 1295.50, 3432713, 1096
2620, 1, 429, 945, 558, 0, 3.32%, 0, 0, 15, 1318.85, 3439351, 1096
2625, 1, 5, 945, 558, 0, 3.32%, 0, 0, 15, 1332.07, 3446255, 1096
2630, 1, 464, 945, 558, 0, 3.32%, 0, 0, 15, 1324.26, 3453127, 1096
2635, 1, 814, 945, 558, 0, 3.32%, 0, 0, 15, 1299.61, 3459809, 1096
2640, 1, 666, 945, 557, 0, 3.32%, 0, 0, 15, 1339.06, 3466611, 1096
2645, 1, 814, 946, 558, 0, 3.32%, 0, 0, 15, 1323.52, 3473490, 1096
2651, 1, 681, 946, 558, 0, 3.32%, 0, 0, 15, 1350.93, 3480535, 1096
2656, 1, 215, 946, 557, 0, 3.32%, 0, 0, 15, 1320.95, 3487142, 1096
2661, 1, 652, 947, 558, 0, 3.32%, 0, 0, 15, 1333.31, 3494037, 1096
2666, 1, 781, 947, 558, 1, 3.32%, 0, 0, 15, 1322.59, 3500741, 1096
2671, 1, 242, 947, 557, 1, 3.32%, 0, 0, 15, 1294.26, 3507227, 1096
2676, 1, 215, 947, 557, 1, 3.32%, 0, 0, 15, 1319.91, 3513922, 1096
2681, 1, 462, 947, 557, 1, 3.32%, 0, 0, 15, 1304.84, 3520634, 1096
2686, 1, 362, 949, 557, 0, 3.32%, 0, 0, 15, 1337.27, 3527379, 1096
2691, 1, 916, 949, 556, 0, 3.32%, 0, 0, 15, 1322.41, 3534027, 1096
2696, 1, 928, 949, 556, 0, 3.32%, 0, 0, 15, 1346.59, 3540813, 1096
2701, 1, 928, 949, 556, 0, 3.32%, 0, 0, 15, 1327.01, 3547456, 1096
2706, 1, 892, 949, 556, 0, 3.32%, 0, 0, 15, 1351.49, 3554238, 1096
2712, 1, 732, 949, 556, 0, 3.32%, 0, 0, 15, 1354.84, 3561238, 1096
2717, 1, 735, 951, 557, 0, 3.32%, 0, 0, 15, 1323.08, 3567829, 1096
2722, 1, 96, 951, 557, 0, 3.32%, 0, 0, 15, 1326.90, 3574703, 1096
2727, 1, 131, 951, 557, 0, 3.32%, 0, 0, 15, 1320.46, 3581499, 1096
2732, 1, 666, 951, 556, 0, 3.32%, 0, 0, 15, 1344.39, 3588249, 1096
2737, 1, 438, 951, 556, 0, 3.32%, 0, 0, 15, 1347.25, 3595003, 1096
2742, 1, 806, 951, 556, 0, 3.32%, 0, 0, 15, 1307.55, 3601542, 1096
2747, 1, 429, 951, 556, 0, 3.32%, 0, 0, 15, 1313.53, 3608372, 1096
2752, 1, 318, 951, 556, 0, 3.32%, 0, 0, 15, 1318.99, 3615254, 1096
2757, 1, 823, 951, 556, 0, 3.32%, 0, 0, 15, 1292.24, 3621892, 1096
2763, 1, 814, 951, 556, 0, 3.32%, 0, 0, 15, 1312.80, 3628680, 1096
2768, 1, 814, 951, 556, 0, 3.32%, 0, 0, 15, 1320.97, 3635278, 1096
2773, 1, 814, 951, 556, 0, 3.32%, 0, 0, 15, 1320.14, 3641889, 1096
2778, 1, 355, 952, 557, 0, 3.32%, 0, 0, 15, 1300.00, 3648423, 1096
2783, 1, 274, 952, 557, 0, 3.32%, 0, 0, 15, 1310.01, 3655028, 1096
2788, 1, 215, 952, 557, 0, 3.32%, 0, 0, 15, 1318.44, 3661659, 1096
2793, 1, 433, 952, 557, 0, 3.32%, 0, 0, 15, 1324.02, 3668490, 1096
2798, 1, 362, 952, 557, 0, 3.32%, 0, 0, 15, 1325.34, 3675353, 1096
2803, 1, 348, 952, 557, 0, 3.32%, 0, 0, 15, 1310.03, 3682171, 1096
2809, 1, 806, 952, 557, 0, 3.32%, 0, 0, 15, 1317.96, 3688977, 1096
2814, 1, 713, 953, 558, 0, 3.33%, 0, 0, 15, 1322.71, 3695843, 1098
2819, 1, 652, 953, 557, 1, 3.33%, 0, 0, 15, 1323.55, 3702519, 1098
2824, 1, 722, 953, 556, 1, 3.33%, 0, 0, 15, 1326.01, 3709171, 1098
2829, 1, 405, 953, 556, 1, 3.33%, 0, 0, 15, 1255.40, 3715600, 1098
2834, 1, 952, 965, 568, 1, 3.57%, 0, 0, 15, 1298.10, 3722398, 1176
2839, 1, 952, 969, 572, 1, 3.57%, 0, 0, 15, 1320.54, 3729101, 1177
2844, 1, 952, 969, 572, 1, 3.57%, 0, 0, 15, 1322.42, 3735757, 1177
2849, 1, 952, 970, 573, 1, 3.59%, 0, 0, 15, 1311.06, 3742342, 1185
2854, 1, 959, 1006, 608, 11, 3.70%, 0, 0, 15, 1281.98, 3748802, 1220
2859, 1, 959, 1008, 610, 11, 3.70%, 0, 0, 15, 1197.86, 3754818, 1220
2865, 1, 959, 1008, 610, 11, 3.70%, 0, 0, 15, 920.20, 3759234, 1220
2870, 1, 959, 1010, 612, 11, 3.70%, 0, 0, 15, 1124.32, 3765274, 1220
2875, 1, 959, 1012, 614, 11, 3.71%, 0, 0, 15, 1070.21, 3770800, 1224
2880, 1, 999, 1012, 612, 20, 3.71%, 0, 0, 15, 1109.74, 3776543, 1224
2885, 1, 985, 1019, 618, 19, 3.74%, 0, 0, 15, 1022.89, 3781495, 1234
2890, 1, 985, 1023, 622, 19, 3.75%, 0, 0, 15, 977.59, 3786226, 1237
2895, 1, 985, 1026, 625, 19, 3.76%, 0, 0, 15, 202.02, 3791624, 1239
2900, 1, 985, 1026, 625, 19, 3.76%, 0, 0, 15, 263.24, 3793114, 1239
2906, 1, 985, 1026, 625, 19, 3.76%, 0, 0, 15, 183.80, 3793914, 1239
2911, 1, 985, 1027, 626, 19, 3.76%, 0, 0, 15, 749.78, 3798624, 1240
2916, 1, 985, 1032, 631, 19, 3.76%, 0, 0, 15, 908.60, 3803433, 1241
2921, 1, 953, 1032, 628, 25, 3.76%, 0, 0, 15, 888.12, 3807956, 1241
2926, 1, 1022, 1039, 634, 25, 3.77%, 0, 0, 15, 1068.72, 3813323, 1242
2931, 1, 1022, 1041, 636, 25, 3.77%, 0, 0, 15, 967.00, 3818004, 1244
2936, 1, 1022, 1044, 639, 25, 3.77%, 0, 0, 15, 1237.66, 3824779, 1244
2941, 1, 1022, 1046, 641, 25, 3.77%, 0, 0, 15, 1325.64, 3831791, 1244
2946, 1, 773, 1049, 643, 26, 3.77%, 0, 0, 15, 1328.83, 3838504, 1244
2951, 1, 961, 1049, 642, 26, 3.77%, 0, 0, 15, 1325.10, 3845120, 1244
2956, 1, 1009, 1062, 653, 24, 3.77%, 0, 0, 15, 1330.72, 3851826, 1244
2962, 1, 1009, 1067, 658, 24, 3.77%, 0, 0, 15, 1343.20, 3858804, 1244
2967, 1, 1009, 1068, 659, 24, 3.77%, 0, 0, 15, 1329.30, 3865441, 1244
2972, 1, 1009, 1068, 659, 24, 3.77%, 0, 0, 15, 1348.11, 3872201, 1244
2977, 1, 956, 1069, 658, 22, 3.77%, 0, 0, 15, 1322.83, 3878806, 1244
2982, 1, 1028, 1076, 664, 21, 3.80%, 0, 0, 15, 1321.09, 3885460, 1254
2987, 1, 1028, 1078, 666, 21, 3.81%, 0, 0, 15, 1326.54, 3892078, 1255
2992, 1, 1028, 1079, 667, 21, 3.81%, 0, 0, 15, 1328.53, 3898767, 1256
2997, 1, 1028, 1081, 669, 21, 3.81%, 0, 0, 15, 1332.60, 3905447, 1257
3002, 1, 986, 1082, 668, 23, 3.81%, 0, 0, 15, 1329.02, 3912267, 1257
3007, 1, 1070, 1082, 665, 20, 3.81%, 0, 0, 15, 1331.68, 3918954, 1257
3012, 1, 1045, 1085, 665, 18, 3.82%, 0, 0, 15, 1279.88, 3925595, 1260
3017, 1, 1078, 1091, 669, 16, 3.82%, 0, 0, 15, 1292.10, 3932346, 1261
3023, 1, 1078, 1093, 671, 16, 3.83%, 0, 0, 15, 1306.17, 3939113, 1262
3028, 1, 1078, 1095, 673, 16, 3.83%, 0, 0, 15, 1323.89, 3945783, 1263
3033, 1, 1078, 1095, 673, 16, 3.83%, 0, 0, 15, 1320.72, 3952491, 1263
3038, 1, 1025, 1100, 677, 18, 3.84%, 0, 0, 15, 1325.33, 3959119, 1265
3043, 1, 1025, 1101, 678, 18, 3.84%, 0, 0, 15, 1326.09, 3965808, 1266
3048, 1, 596, 1101, 677, 20, 3.84%, 0, 0, 15, 1330.27, 3972522, 1266
3053, 1, 814, 1119, 695, 20, 3.84%, 0, 0, 15, 1213.49, 3978535, 1266
3058, 1, 1083, 1121, 695, 18, 3.85%, 0, 0, 15, 1267.13, 3985122, 1269
3063, 1, 1077, 1123, 696, 19, 3.85%, 0, 0, 15, 1264.86, 3991623, 1271
3068, 1, 1092, 1126, 697, 17, 3.85%, 0, 0, 15, 1286.02, 3998149, 1271
3073, 1, 1092, 1129, 700, 17, 3.85%, 0, 0, 15, 1224.05, 4004394, 1271
3078, 1, 1092, 1129, 700, 17, 3.85%, 0, 0, 15, 1216.13, 4010538, 1271
3083, 1, 1092, 1130, 701, 17, 3.85%, 0, 0, 15, 1218.23, 4016641, 1271
3088, 1, 1092, 1130, 701, 17, 3.85%, 0, 0, 15, 1213.78, 4022761, 1271
3094, 1, 1092, 1131, 702, 17, 3.85%, 0, 0, 15, 1226.77, 4029032, 1271
3099, 1, 1008, 1131, 700, 16, 3.85%, 0, 0, 15, 1263.69, 4035319, 1271
3104, 1, 966, 1132, 699, 15, 3.86%, 0, 0, 15, 1304.17, 4042161, 1272
3109, 1, 1090, 1132, 698, 14, 3.86%, 0, 0, 15, 1312.37, 4048770, 1272
3114, 1, 267, 1133, 696, 11, 3.86%, 0, 0, 15, 1304.75, 4055508, 1272
3119, 1, 1120, 1133, 695, 10, 3.86%, 0, 0, 15, 1288.88, 4061978, 1272
3124, 1, 531, 1134, 694, 8, 3.86%, 0, 0, 15, 1293.89, 4068754, 1272
3129, 1, 681, 1134, 693, 7, 3.86%, 0, 0, 15, 1323.85, 4075645, 1272
3135, 1, 355, 1134, 693, 7, 3.86%, 0, 0, 15, 1320.42, 4082418, 1272
3140, 1, 1127, 1135, 693, 6, 3.86%, 0, 0, 16, 1317.31, 4089102, 1272
3145, 1, 965, 1136, 693, 5, 3.86%, 0, 0, 16, 1324.60, 4095918, 1272
3150, 1, 823, 1136, 692, 4, 3.86%, 0, 0, 16, 1319.19, 4102573, 1272
3155, 1, 1121, 1136, 691, 4, 3.86%, 0, 0, 16, 1311.02, 4109158, 1272
3160, 1, 652, 1136, 688, 2, 3.86%, 0, 0, 16, 1301.63, 4115910, 1272
3165, 1, 575, 1136, 688, 2, 3.86%, 0, 0, 16, 1306.19, 4122504, 1272
3170, 1, 161, 1136, 686, 1, 3.86%, 0, 0, 16, 1335.73, 4129195, 1272
3175, 1, 999, 1137, 687, 2, 3.87%, 0, 0, 16, 1322.74, 4136073, 1276
3180, 1, 215, 1137, 686, 2, 3.87%, 0, 0, 16, 1322.16, 4142675, 1276
3185, 1, 966, 1137, 686, 2, 3.87%, 0, 0, 16, 1248.33, 4148885, 1276
3190, 1, 1136, 1143, 692, 2, 3.89%, 0, 0, 16, 1223.26, 4155073, 1281
3195, 1, 1137, 1144, 690, 2, 3.89%, 0, 0, 16, 1267.46, 4161699, 1281
3201, 1, 505, 1144, 689, 1, 3.89%, 0, 0, 16, 1308.97, 4168513, 1281
3206, 1, 1047, 1144, 688, 1, 3.89%, 0, 0, 16, 1296.44, 4175052, 1281
3211, 1, 482, 1144, 688, 1, 3.89%, 0, 0, 16, 1303.19, 4181633, 1281
3216, 1, 616, 1147, 690, 3, 3.90%, 0, 0, 16, 1260.90, 4188235, 1286
3221, 1, 1145, 1151, 694, 3, 3.91%, 0, 0, 16, 1201.78, 4194521, 1290
3226, 1, 1145, 1154, 697, 3, 3.92%, 0, 0, 16, 1157.28, 4200166, 1292
3231, 1, 1145, 1159, 702, 3, 3.94%, 0, 0, 16, 1143.45, 4206342, 1299
3236, 1, 1145, 1160, 703, 3, 3.94%, 0, 0, 16, 735.34, 4209711, 1299
3242, 1, 1145, 1160, 703, 3, 3.94%, 0, 0, 16, 750.25, 4213161, 1299
3247, 1, 1148, 1161, 703, 12, 3.94%, 0, 0, 16, 1039.88, 4218679, 1299
3252, 1, 1148, 1162, 704, 12, 3.94%, 0, 0, 16, 1105.47, 4224822, 1299
3257, 1, 1156, 1166, 707, 11, 3.95%, 0, 0, 16, 1134.50, 4230567, 1303
3262, 1, 1156, 1166, 707, 11, 3.95%, 0, 0, 16, 1273.10, 4237278, 1303
3267, 1, 1154, 1166, 704, 12, 3.95%, 0, 0, 16, 1338.20, 4244104, 1303
3272, 1, 1150, 1166, 701, 9, 3.95%, 0, 0, 16, 1358.04, 4250904, 1303
3277, 1, 1153, 1167, 699, 6, 3.95%, 0, 0, 16, 1425.07, 4258156, 1303
3282, 1, 782, 1168, 699, 5, 3.95%, 0, 0, 16, 1409.98, 4265478, 1303
3287, 1, 1158, 1168, 698, 4, 3.95%, 0, 0, 16, 1422.62, 4272818, 1303
3292, 1, 1157, 1169, 697, 3, 3.95%, 0, 0, 16, 1449.26, 4280137, 1304
3298, 1, 999, 1169, 696, 2, 3.95%, 0, 0, 16, 1419.08, 4287500, 1304
3303, 1, 1147, 1169, 695, 1, 3.95%, 0, 0, 16, 1433.49, 4294700, 1304
3308, 1, 1153, 1169, 695, 1, 3.95%, 0, 0, 16, 1463.19, 4302095, 1304
3313, 1, 782, 1169, 695, 1, 3.95%, 0, 0, 16, 1433.41, 4309500, 1304
3318, 1, 998, 1169, 695, 1, 3.95%, 0, 0, 16, 1388.74, 4316414, 1304
3323, 1, 1070, 1169, 695, 1, 3.95%, 0, 0, 16, 1246.68, 4322658, 1304
3328, 1, 1168, 1172, 698, 1, 3.95%, 0, 0, 16, 1241.14, 4328904, 1304
3333, 1, 629, 1172, 697, 0, 3.95%, 0, 0, 16, 1376.12, 4335834, 1304
3338, 1, 133, 1172, 697, 0, 3.95%, 0, 0, 16, 1400.85, 4343005, 1304
3343, 1, 353, 1172, 697, 0, 3.95%, 0, 0, 16, 1381.33, 4349896, 1304
3348, 1, 434, 1172, 697, 0, 3.95%, 0, 0, 16, 1432.27, 4357341, 1304
3353, 1, 732, 1172, 697, 0, 3.95%, 0, 0, 16, 1440.46, 4364780, 1304
3359, 1, 569, 1172, 696, 0, 3.95%, 0, 0, 16, 1387.66, 4371847, 1304
3364, 1, 900, 1172, 696, 0, 3.95%, 0, 0, 16, 1447.26, 4379155, 1304
3369, 1, 524, 1172, 696, 0, 3.95%, 0, 0, 16, 1446.74, 4386682, 1304
3374, 1, 916, 1172, 696, 0, 3.95%, 0, 0, 16, 1434.14, 4393875, 1304
3379, 1, 961, 1172, 696, 0, 3.95%, 0, 0, 16, 1453.04, 4401413, 1304
3384, 1, 1098, 1172, 696, 0, 3.95%, 0, 0, 16, 1449.09, 4408945, 1304
3389, 1, 966, 1172, 696, 0, 3.95%, 0, 0, 16, 1448.41, 4416239, 1304
3394, 1, 615, 1172, 696, 0, 3.95%, 0, 0, 16, 1448.02, 4423536, 1304
3399, 1, 862, 1172, 696, 0, 3.95%, 0, 0, 16, 1446.04, 4430783, 1304
3404, 1, 814, 1172, 696, 0, 3.95%, 0, 0, 16, 1429.40, 4437936, 1304
3409, 1, 998, 1172, 696, 0, 3.95%, 0, 0, 16, 1445.21, 4445430, 1304
3414, 1, 734, 1173, 697, 0, 3.95%, 0, 0, 16, 1437.37, 4452621, 1304
3420, 1, 275, 1173, 697, 0, 3.95%, 0, 0, 16, 1412.51, 4459834, 1304
3425, 1, 1031, 1173, 697, 0, 3.95%, 0, 0, 16, 1434.84, 4467299, 1304
3430, 1, 1150, 1173, 697, 0, 3.95%, 0, 0, 16, 1453.38, 4474865, 1304
3435, 1, 1083, 1173, 697, 0, 3.95%, 0, 0, 16, 1440.71, 4482326, 1304
3440, 1, 666, 1175, 699, 0, 3.95%, 0, 0, 16, 1368.42, 4489233, 1304
3445, 1, 998, 1176, 700, 0, 3.95%, 0, 0, 16, 1364.37, 4496015, 1304
3450, 1, 326, 1176, 700, 0, 3.95%, 0, 0, 16, 1435.67, 4503531, 1304
3456, 1, 631, 1176, 700, 0, 3.95%, 0, 0, 16, 1451.44, 4511036, 1304
3461, 1, 1124, 1176, 699, 0, 3.95%, 0, 0, 16, 1452.26, 4518322, 1304
3466, 1, 429, 1176, 699, 0, 3.95%, 0, 0, 16, 1432.25, 4525637, 1304
3471, 1, 437, 1176, 699, 0, 3.95%, 0, 0, 16, 1450.43, 4532945, 1304
3476, 1, 926, 1180, 703, 0, 3.96%, 0, 0, 16, 1374.75, 4539925, 1305
3481, 1, 926, 1182, 705, 0, 3.98%, 0, 0, 16, 1354.21, 4546551, 1311
3486, 1, 926, 1184, 707, 0, 3.98%, 0, 0, 16, 1421.37, 4554042, 1312
3491, 1, 1178, 1185, 708, 5, 3.98%, 0, 0, 16, 1440.68, 4561333, 1313
3496, 1, 1184, 1185, 707, 4, 3.98%, 0, 0, 16, 1425.75, 4568568, 1313
3501, 1, 215, 1185, 705, 2, 3.98%, 0, 0, 16, 1319.70, 4574956, 1313
3506, 1, 1181, 1189, 709, 2, 4.00%, 0, 0, 16, 933.25, 4579112, 1318
3512, 1, 1181, 1192, 712, 2, 4.05%, 0, 0, 16, 1153.39, 4585289, 1334
3517, 1, 1181, 1194, 714, 2, 4.05%, 0, 0, 16, 1195.56, 4591614, 1334
3522, 1, 1181, 1194, 714, 2, 4.05%, 0, 0, 16, 1254.77, 4597947, 1334
3527, 1, 1185, 1194, 712, 6, 4.05%, 0, 0, 16, 1290.23, 4604640, 1334
3532, 1, 1183, 1194, 708, 4, 4.05%, 0, 0, 16, 1308.73, 4611195, 1334
3537, 1, 1009, 1194, 705, 3, 4.05%, 0, 0, 16, 1325.82, 4617868, 1334
3542, 1, 1190, 1206, 717, 3, 4.06%, 0, 0, 16, 1274.35, 4624249, 1337
3547, 1, 1190, 1212, 723, 3, 4.06%, 0, 0, 16, 1262.40, 4630516, 1337
3552, 1, 1190, 1213, 724, 3, 4.06%, 0, 0, 16, 1249.25, 4636989, 1337
3557, 1, 1203, 1214, 724, 7, 4.06%, 0, 0, 16, 1254.69, 4643372, 1337
3562, 1, 1203, 1216, 726, 7, 4.06%, 0, 0, 16, 1280.22, 4649861, 1337
3567, 1, 1203, 1216, 726, 7, 4.06%, 0, 0, 16, 1239.37, 4656144, 1337
3572, 1, 1203, 1216, 726, 7, 4.06%, 0, 0, 16, 1253.79, 4662623, 1337
3578, 1, 291, 1216, 724, 6, 4.06%, 0, 0, 16, 1290.35, 4669286, 1337
3583, 1, 1191, 1216, 724, 6, 4.06%, 0, 0, 16, 1277.86, 4675883, 1337
3588, 1, 1191, 1218, 726, 6, 4.06%, 0, 0, 16, 1262.16, 4682283, 1339
3593, 1, 1217, 1222, 729, 6, 4.06%, 0, 0, 16, 1236.93, 4688699, 1340
3598, 1, 1217, 1223, 730, 6, 4.06%, 0, 0, 16, 1216.09, 4695042, 1340
3604, 1, 1217, 1224, 731, 6, 4.06%, 0, 0, 16, 1226.54, 4701457, 1340
3609, 1, 547, 1225, 731, 6, 4.06%, 0, 0, 16, 1267.11, 4708139, 1340
3614, 1, 1220, 1226, 731, 5, 4.07%, 0, 0, 16, 1294.00, 4714839, 1341
3619, 1, 1201, 1229, 733, 5, 4.07%, 0, 0, 16, 1273.69, 4721205, 1341
3624, 1, 1003, 1229, 732, 4, 4.07%, 0, 0, 16, 1289.09, 4727924, 1341
3629, 1, 1214, 1229, 732, 4, 4.07%, 0, 0, 16, 1294.80, 4734653, 1341
3635, 1, 722, 1229, 731, 3, 4.07%, 0, 0, 16, 1304.12, 4741382, 1341
3640, 1, 1219, 1232, 734, 3, 4.07%, 0, 0, 16, 1283.63, 4747815, 1342
3645, 1, 1083, 1232, 733, 4, 4.07%, 0, 0, 16, 1285.96, 4754309, 1342
3650, 1, 1230, 1233, 734, 4, 4.07%, 0, 0, 16, 1298.65, 4761077, 1342
3655, 1, 1232, 1233, 732, 3, 4.07%, 0, 0, 16, 1280.07, 4767656, 1342
3660, 1, 1207, 1234, 732, 2, 4.07%, 0, 0, 16, 1275.26, 4774183, 1342
3665, 1, 1207, 1237, 735, 2, 4.07%, 0, 0, 16, 1296.76, 4780929, 1342
3670, 1, 1207, 1238, 736, 2, 4.07%, 0, 0, 16, 1276.64, 4787311, 1342
3675, 1, 1207, 1238, 736, 2, 4.07%, 0, 0, 16, 1278.80, 4793761, 1342
3680, 1, 706, 1238, 735, 2, 4.07%, 0, 0, 16, 1299.27, 4800283, 1342
3685, 1, 1237, 1240, 737, 2, 4.07%, 0, 0, 16, 1327.48, 4806996, 1342
3691, 1, 1237, 1241, 738, 2, 4.07%, 0, 0, 16, 1306.33, 4813737, 1342
3696, 1, 1237, 1241, 738, 2, 4.07%, 0, 0, 16, 1322.87, 4820409, 1342
3701, 1, 1009, 1242, 737, 2, 4.07%, 0, 0, 16, 1313.03, 4826962, 1342
3706, 1, 1225, 1243, 737, 2, 4.07%, 0, 0, 16, 1303.30, 4833706, 1342
3711, 1, 1120, 1243, 736, 1, 4.07%, 0, 0, 16, 1298.31, 4840271, 1342
3716, 1, 1239, 1244, 737, 1, 4.07%, 0, 0, 16, 1310.42, 4846905, 1342
3721, 1, 999, 1244, 736, 0, 4.07%, 0, 0, 16, 1303.85, 4853428, 1342
3726, 1, 267, 1244, 736, 0, 4.07%, 0, 0, 16, 1326.24, 4860310, 1342
3731, 1, 1163, 1244, 736, 0, 4.07%, 0, 0, 16, 1298.98, 4866994, 1342
3736, 1, 463, 1244, 736, 0, 4.07%, 0, 0, 16, 1286.95, 4873597, 1342
3742, 1, 140, 1244, 735, 0, 4.07%, 0, 0, 16, 1306.35, 4880393, 1342
3747, 1, 722, 1244, 735, 0, 4.07%, 0, 0, 16, 1316.11, 4887268, 1342
3752, 1, 1084, 1245, 736, 0, 4.07%, 0, 0, 16, 1254.72, 4893427, 1342
3757, 1, 998, 1246, 736, 0, 4.07%, 0, 0, 16, 1288.67, 4900144, 1342
3762, 1, 1158, 1246, 736, 0, 4.07%, 0, 0, 16, 1292.54, 4906623, 1342
3767, 1, 1147, 1246, 736, 0, 4.07%, 0, 0, 16, 1271.67, 4912901, 1342
3772, 1, 547, 1246, 736, 0, 4.07%, 0, 0, 16, 1312.53, 4919714, 1342
3777, 1, 1150, 1246, 736, 0, 4.07%, 0, 0, 16, 1300.99, 4926437, 1342
3783, 1, 1237, 1246, 736, 0, 4.07%, 0, 0, 16, 1319.52, 4933267, 1342
3788, 1, 1237, 1246, 736, 0, 4.07%, 0, 0, 16, 1338.16, 4940238, 1342
3793, 1, 301, 1246, 736, 0, 4.07%, 0, 0, 16, 1299.76, 4946951, 1342
3798, 1, 1144, 1246, 735, 0, 4.07%, 0, 0, 16, 1307.35, 4953577, 1342
3803, 1, 998, 1246, 735, 0, 4.07%, 0, 0, 16, 1318.75, 4960462, 1342
3808, 1, 966, 1246, 735, 0, 4.07%, 0, 0, 16, 1280.96, 4966961, 1342
3813, 1, 652, 1246, 735, 0, 4.07%, 0, 0, 16, 841.37, 4970646, 1342
3818, 1, 1047, 1246, 735, 0, 4.07%, 0, 0, 16, 866.26, 4974803, 1342
3823, 1, 1047, 1246, 735, 0, 4.07%, 0, 0, 16, 1274.48, 4981690, 1342
3829, 1, 466, 1246, 735, 0, 4.07%, 0, 0, 16, 1410.68, 4989187, 1342
3834, 1, 242, 1246, 735, 0, 4.07%, 0, 0, 16, 1451.42, 4996453, 1342
3839, 1, 762, 1246, 735, 0, 4.07%, 0, 0, 16, 1429.69, 5003578, 1342
3844, 1, 928, 1246, 735, 0, 4.07%, 0, 0, 16, 1437.60, 5011056, 1342
3849, 1, 1154, 1246, 735, 0, 4.07%, 0, 0, 16, 1443.72, 5018273, 1342
3854, 1, 998, 1247, 736, 0, 4.07%, 0, 0, 16, 1385.34, 5025557, 1342
3859, 1, 43, 1248, 737, 0, 4.07%, 0, 0, 16, 1413.40, 5032721, 1342
3864, 1, 274, 1249, 737, 0, 4.07%, 0, 0, 16, 1357.44, 5039572, 1342
3869, 1, 570, 1249, 737, 0, 4.07%, 0, 0, 16, 1330.25, 5046102, 1342
3874, 1, 313, 1249, 737, 0, 4.07%, 0, 0, 16, 1408.23, 5053271, 1342
3879, 1, 610, 1249, 737, 0, 4.07%, 0, 0, 16, 1459.90, 5060835, 1342
3884, 1, 267, 1249, 737, 0, 4.07%, 0, 0, 16, 1372.33, 5067774, 1342
3890, 1, 1237, 1249, 736, 0, 4.07%, 0, 0, 16, 1399.60, 5074888, 1342
3895, 1, 215, 1249, 736, 0, 4.07%, 0, 0, 16, 1414.43, 5081866, 1342
3900, 1, 692, 1249, 736, 0, 4.07%, 0, 0, 16, 1412.73, 5088998, 1342
3905, 1, 814, 1250, 737, 0, 4.07%, 0, 0, 16, 1348.92, 5095834, 1342
3910, 1, 519, 1251, 738, 0, 4.07%, 0, 0, 16, 1335.76, 5102558, 1342
3915, 1, 762, 1251, 738, 0, 4.07%, 0, 0, 16, 1345.17, 5109290, 1342
3920, 1, 242, 1251, 738, 0, 4.07%, 0, 0, 16, 1340.20, 5116193, 1342
3925, 1, 998, 1251, 738, 0, 4.07%, 0, 0, 16, 1446.98, 5123744, 1342
3930, 1, 1153, 1251, 738, 0, 4.07%, 0, 0, 16, 1441.86, 5130947, 1342
3935, 1, 943, 1251, 738, 0, 4.07%, 0, 0, 16, 1444.02, 5138029, 1342
3940, 1, 814, 1251, 738, 0, 4.07%, 0, 0, 16, 1461.87, 5145499, 1342
3945, 1, 866, 1252, 738, 0, 4.07%, 0, 0, 16, 1392.84, 5152501, 1342
3950, 1, 463, 1252, 738, 0, 4.07%, 0, 0, 16, 1328.65, 5159132, 1342
3956, 1, 215, 1252, 738, 0, 4.07%, 0, 0, 16, 1310.37, 5165753, 1342
3961, 1, 814, 1252, 738, 0, 4.07%, 0, 0, 16, 1392.76, 5173036, 1342
3966, 1, 998, 1252, 738, 0, 4.07%, 0, 0, 16, 1422.01, 5180420, 1342
3971, 1, 358, 1252, 738, 0, 4.07%, 0, 0, 16, 1371.40, 5187369, 1342
3976, 2, 1127, 1252, 738, 0, 4.07%, 0, 0, 16, 1410.50, 5194418, 1342
3981, 2, 1083, 1252, 738, 0, 4.07%, 0, 0, 16, 1413.33, 5201473, 1342
3986, 2, 328, 1253, 739, 0, 4.07%, 0, 0, 16, 1428.81, 5208680, 1342
3991, 2, 813, 1253, 739, 0, 4.07%, 0, 0, 16, 1245.34, 5214638, 1342
3996, 2, 982, 1253, 738, 0, 4.07%, 0, 0, 16, 1380.64, 5221752, 1342
4001, 2, 1237, 1253, 738, 0, 4.07%, 0, 0, 16, 1432.40, 5229237, 1342
4006, 2, 998, 1254, 737, 0, 4.07%, 0, 0, 16, 1401.91, 5236295, 1342
4012, 2, 425, 1255, 738, 0, 4.07%, 0, 0, 16, 1417.10, 5243655, 1342
4017, 2, 167, 1255, 738, 0, 4.07%, 0, 0, 16, 1436.89, 5251124, 1342
4022, 2, 966, 1255, 738, 0, 4.07%, 0, 0, 16, 1438.74, 5258343, 1342
4027, 2, 1151, 1255, 738, 0, 4.07%, 0, 0, 16, 1431.69, 5265733, 1342
4032, 2, 274, 1256, 739, 1, 4.07%, 0, 0, 16, 1429.62, 5273121, 1342
4037, 2, 1255, 1259, 742, 1, 4.07%, 0, 0, 16, 1425.45, 5280317, 1342
4042, 2, 1255, 1262, 745, 1, 4.07%, 0, 0, 16, 1395.71, 5287350, 1342
4047, 2, 1255, 1264, 747, 1, 4.07%, 0, 0, 16, 1423.21, 5294632, 1342
4052, 2, 1255, 1264, 747, 1, 4.07%, 0, 0, 16, 1430.64, 5301800, 1342
4058, 2, 1119, 1264, 746, 0, 4.07%, 0, 0, 16, 1425.68, 5309253, 1342
4063, 2, 814, 1264, 746, 0, 4.07%, 0, 0, 16, 1363.75, 5316362, 1342
4068, 2, 986, 1264, 746, 0, 4.07%, 0, 0, 16, 1295.06, 5322868, 1342
4073, 2, 725, 1264, 746, 0, 4.07%, 0, 0, 16, 1267.36, 5328974, 1342
4078, 2, 1153, 1264, 746, 0, 4.07%, 0, 0, 16, 876.98, 5333242, 1342
4083, 2, 986, 1264, 746, 0, 4.07%, 0, 0, 16, 1186.00, 5339770, 1342
4088, 2, 80, 1264, 746, 0, 4.07%, 0, 0, 16, 1269.90, 5346226, 1342
4093, 2, 1147, 1264, 746, 0, 4.07%, 0, 0, 16, 1307.83, 5353062, 1342
4095, 2, 190, 1264, 746, 0, 4.07%, 0, 0, 16, 1231.74, 5354919, 1342
