# relative_time, cycles_done, cur_item, corpus_count, pending_total, pending_favs, map_size, saved_crashes, saved_hangs, max_depth, execs_per_sec, total_execs, edges_found
60, 43, 0, 1, 0, 0, 0.08%, 0, 0, 1, 2568.39, 153741, 27
65, 47, 0, 1, 0, 0, 0.08%, 0, 0, 1, 2538.08, 166452, 27
70, 51, 0, 1, 0, 0, 0.08%, 0, 0, 1, 2531.40, 179277, 27
75, 54, 0, 1, 0, 0, 0.08%, 0, 0, 1, 2558.56, 192152, 27
80, 58, 0, 1, 0, 0, 0.08%, 0, 0, 1, 2584.34, 205135, 27
85, 62, 0, 1, 0, 0, 0.08%, 0, 0, 1, 2578.84, 218213, 27
91, 65, 0, 1, 0, 0, 0.08%, 0, 0, 1, 2597.23, 231342, 27
96, 69, 0, 1, 0, 0, 0.08%, 0, 0, 1, 2620.25, 244490, 27
101, 73, 0, 1, 0, 0, 0.08%, 0, 0, 1, 2584.67, 257447, 27
106, 77, 0, 1, 0, 0, 0.08%, 0, 0, 1, 2537.83, 270727, 27
111, 80, 0, 1, 0, 0, 0.08%, 0, 0, 1, 2616.51, 283920, 27
116, 84, 0, 1, 0, 0, 0.08%, 0, 0, 1, 2568.60, 296887, 27
121, 88, 0, 1, 0, 0, 0.08%, 0, 0, 1, 2569.71, 309761, 27
126, 91, 0, 1, 0, 0, 0.08%, 0, 0, 1, 2587.98, 322890, 27
131, 95, 0, 1, 0, 0, 0.08%, 0, 0, 1, 2623.73, 336036, 27
136, 98, 0, 1, 0, 0, 0.08%, 0, 0, 1, 2460.11, 347980, 27
141, 102, 0, 1, 0, 0, 0.08%, 0, 0, 1, 2439.14, 360856, 27
146, 106, 0, 1, 0, 0, 0.08%, 0, 0, 1, 2553.83, 374077, 27
151, 110, 0, 1, 0, 0, 0.08%, 0, 0, 1, 2607.70, 387209, 27
156, 113, 0, 1, 0, 0, 0.08%, 0, 0, 1, 2623.92, 400453, 27
161, 117, 0, 1, 0, 0, 0.08%, 0, 0, 1, 2611.33, 413534, 27
167, 121, 0, 1, 0, 0, 0.08%, 0, 0, 1, 2596.37, 427057, 27
172, 125, 0, 1, 0, 0, 0.08%, 0, 0, 1, 2557.08, 440237, 27
177, 128, 0, 1, 0, 0, 0.08%, 0, 0, 1, 2500.97, 452750, 27
182, 132, 0, 1, 0, 0, 0.08%, 0, 0, 1, 2593.12, 465884, 27
187, 136, 0, 1, 0, 0, 0.08%, 0, 0, 1, 2570.93, 478809, 27
192, 139, 0, 1, 0, 0, 0.08%, 0, 0, 1, 2602.19, 491989, 27
197, 143, 0, 1, 0, 0, 0.08%, 0, 0, 1, 2598.67, 505067, 27
202, 147, 0, 1, 0, 0, 0.08%, 0, 0, 1, 2597.25, 518609, 27
207, 151, 0, 1, 0, 0, 0.08%, 0, 0, 1, 2619.58, 531690, 27
212, 154, 0, 1, 0, 0, 0.08%, 0, 0, 1, 2600.07, 544719, 27
217, 158, 0, 1, 0, 0, 0.08%, 0, 0, 1, 2606.81, 557852, 27
222, 162, 0, 1, 0, 0, 0.08%, 0, 0, 1, 2602.81, 571020, 27
227, 165, 0, 1, 0, 0, 0.08%, 0, 0, 1, 2634.20, 584222, 27
232, 169, 0, 1, 0, 0, 0.08%, 0, 0, 1, 2582.32, 597074, 27
237, 173, 0, 1, 0, 0, 0.08%, 0, 0, 1, 2502.22, 609712, 27
242, 176, 0, 1, 0, 0, 0.08%, 0, 0, 1, 2529.07, 622453, 27
247, 180, 0, 1, 0, 0, 0.08%, 0, 0, 1, 2559.63, 635696, 27
252, 184, 0, 1, 0, 0, 0.08%, 0, 0, 1, 2559.73, 648603, 27
257, 187, 0, 1, 0, 0, 0.08%, 0, 0, 1, 2566.13, 661444, 27
263, 191, 0, 1, 0, 0, 0.08%, 0, 0, 1, 2616.10, 674697, 27
268, 195, 0, 1, 0, 0, 0.08%, 0, 0, 1, 2559.65, 687908, 27
273, 199, 0, 1, 0, 0, 0.08%, 0, 0, 1, 2607.84, 701202, 27
278, 202, 0, 1, 0, 0, 0.08%, 0, 0, 1, 2030.70, 711481, 27
283, 205, 0, 1, 0, 0, 0.08%, 0, 0, 1, 2406.02, 724126, 27
288, 208, 0, 1, 0, 0, 0.08%, 0, 0, 1, 2278.09, 735757, 27
293, 212, 0, 1, 0, 0, 0.08%, 0, 0, 1, 2310.63, 747461, 27
298, 215, 0, 1, 0, 0, 0.08%, 0, 0, 1, 2304.49, 759188, 27
304, 218, 0, 1, 0, 0, 0.08%, 0, 0, 1, 2224.08, 770032, 27
309, 222, 0, 1, 0, 0, 0.08%, 0, 0, 1, 2441.45, 782805, 27
314, 225, 0, 1, 0, 0, 0.08%, 0, 0, 1, 2413.43, 794914, 27
319, 227, 0, 1, 0, 0, 0.08%, 0, 0, 1, 1690.31, 802478, 27
324, 230, 0, 1, 0, 0, 0.08%, 0, 0, 1, 1864.35, 811280, 27
329, 234, 0, 1, 0, 0, 0.08%, 0, 0, 1, 2526.07, 824603, 27
334, 238, 0, 1, 0, 0, 0.08%, 0, 0, 1, 2711.05, 838755, 27
339, 242, 0, 1, 0, 0, 0.08%, 0, 0, 1, 2680.58, 852315, 27
344, 245, 0, 1, 0, 0, 0.08%, 0, 0, 1, 2759.30, 866178, 27
349, 249, 0, 1, 0, 0, 0.08%, 0, 0, 1, 2675.87, 879814, 27
354, 253, 0, 1, 0, 0, 0.08%, 0, 0, 1, 2778.22, 894378, 27
360, 258, 0, 1, 0, 0, 0.08%, 0, 0, 1, 2825.74, 908777, 27
365, 261, 0, 1, 0, 0, 0.08%, 0, 0, 1, 2718.65, 922018, 27
370, 265, 0, 1, 0, 0, 0.08%, 0, 0, 1, 2801.75, 936082, 27
375, 269, 0, 1, 0, 0, 0.08%, 0, 0, 1, 2801.80, 950173, 27
380, 273, 0, 1, 0, 0, 0.08%, 0, 0, 1, 2853.11, 964690, 27
385, 278, 0, 1, 0, 0, 0.08%, 0, 0, 1, 2853.77, 979165, 27
390, 282, 0, 1, 0, 0, 0.08%, 0, 0, 1, 2814.00, 993433, 27
395, 286, 0, 1, 0, 0, 0.08%, 0, 0, 1, 2779.44, 1007748, 27
400, 290, 0, 1, 0, 0, 0.08%, 0, 0, 1, 2834.11, 1022137, 27
405, 294, 0, 1, 0, 0, 0.08%, 0, 0, 1, 2812.43, 1036461, 27
410, 298, 0, 1, 0, 0, 0.08%, 0, 0, 1, 2810.16, 1050727, 27
415, 302, 0, 1, 0, 0, 0.08%, 0, 0, 1, 2793.67, 1064698, 27
420, 306, 0, 1, 0, 0, 0.08%, 0, 0, 1, 2824.59, 1078873, 27
425, 310, 0, 1, 0, 0, 0.08%, 0, 0, 1, 2829.66, 1093252, 27
430, 314, 0, 1, 0, 0, 0.08%, 0, 0, 1, 2831.23, 1107408, 27
435, 318, 0, 1, 0, 0, 0.08%, 0, 0, 1, 2850.90, 1121798, 27
440, 322, 0, 1, 0, 0, 0.08%, 0, 0, 1, 2729.94, 1135179, 27
445, 326, 0, 1, 0, 0, 0.08%, 0, 0, 1, 2804.04, 1149353, 27
450, 330, 0, 1, 0, 0, 0.08%, 0, 0, 1, 2807.38, 1163473, 27
455, 334, 0, 1, 0, 0, 0.08%, 0, 0, 1, 2802.53, 1177608, 27
460, 338, 0, 1, 0, 0, 0.08%, 0, 0, 1, 2785.54, 1191653, 27
466, 342, 0, 1, 0, 0, 0.08%, 0, 0, 1, 2776.30, 1205938, 27
471, 346, 0, 1, 0, 0, 0.08%, 0, 0, 1, 2732.05, 1219509, 27
476, 350, 0, 1, 0, 0, 0.08%, 0, 0, 1, 2816.53, 1233805, 27
481, 354, 0, 1, 0, 0, 0.08%, 0, 0, 1, 2796.79, 1247849, 27
486, 358, 0, 1, 0, 0, 0.08%, 0, 0, 1, 2807.49, 1261878, 27
491, 362, 0, 1, 0, 0, 0.08%, 0, 0, 1, 2795.81, 1276143, 27
496, 366, 0, 1, 0, 0, 0.08%, 0, 0, 1, 2850.22, 1290596, 27
501, 370, 0, 1, 0, 0, 0.08%, 0, 0, 1, 2835.83, 1304920, 27
506, 374, 0, 1, 0, 0, 0.08%, 0, 0, 1, 2812.69, 1318852, 27
511, 378, 0, 1, 0, 0, 0.08%, 0, 0, 1, 2712.97, 1332039, 27
516, 382, 0, 1, 0, 0, 0.08%, 0, 0, 1, 2778.03, 1346148, 27
521, 386, 0, 1, 0, 0, 0.08%, 0, 0, 1, 2777.99, 1360248, 27
526, 390, 0, 1, 0, 0, 0.08%, 0, 0, 1, 2815.55, 1374413, 27
531, 394, 0, 1, 0, 0, 0.08%, 0, 0, 1, 2768.19, 1388393, 27
536, 398, 0, 1, 0, 0, 0.08%, 0, 0, 1, 2680.32, 1402265, 27
541, 401, 0, 1, 0, 0, 0.08%, 0, 0, 1, 2683.50, 1415667, 27
546, 405, 0, 1, 0, 0, 0.08%, 0, 0, 1, 2780.87, 1429628, 27
552, 409, 0, 1, 0, 0, 0.08%, 0, 0, 1, 2719.98, 1443880, 27
557, 413, 0, 1, 0, 0, 0.08%, 0, 0, 1, 2678.99, 1457269, 27
562, 417, 0, 1, 0, 0, 0.08%, 0, 0, 1, 2768.23, 1471248, 27
567, 421, 0, 1, 0, 0, 0.08%, 0, 0, 1, 2812.83, 1485646, 27
572, 425, 0, 1, 0, 0, 0.08%, 0, 0, 1, 2832.05, 1499970, 27
577, 429, 0, 1, 0, 0, 0.08%, 0, 0, 1, 2828.09, 1514294, 27
582, 433, 0, 1, 0, 0, 0.08%, 0, 0, 1, 2808.99, 1528450, 27
587, 437, 0, 1, 0, 0, 0.08%, 0, 0, 1, 2749.08, 1542428, 27
592, 441, 0, 1, 0, 0, 0.08%, 0, 0, 1, 2798.69, 1556594, 27
597, 445, 0, 1, 0, 0, 0.08%, 0, 0, 1, 2816.65, 1570806, 27
602, 449, 0, 1, 0, 0, 0.08%, 0, 0, 1, 2803.84, 1585018, 27
607, 453, 0, 1, 0, 0, 0.08%, 0, 0, 1, 2809.36, 1599286, 27
612, 457, 0, 1, 0, 0, 0.08%, 0, 0, 1, 2838.61, 1613552, 27
617, 462, 0, 1, 0, 0, 0.08%, 0, 0, 1, 2815.94, 1627821, 27
622, 466, 0, 1, 0, 0, 0.08%, 0, 0, 1, 2826.34, 1642201, 27
627, 470, 0, 1, 0, 0, 0.08%, 0, 0, 1, 2783.82, 1656183, 27
632, 474, 0, 1, 0, 0, 0.08%, 0, 0, 1, 2832.90, 1670513, 27
637, 478, 0, 1, 0, 0, 0.08%, 0, 0, 1, 2836.55, 1684837, 27
642, 482, 0, 1, 0, 0, 0.08%, 0, 0, 1, 2809.71, 1698825, 27
648, 486, 0, 1, 0, 0, 0.08%, 0, 0, 1, 2842.00, 1713205, 27
653, 490, 0, 1, 0, 0, 0.08%, 0, 0, 1, 2828.92, 1727527, 27
658, 494, 0, 1, 0, 0, 0.08%, 0, 0, 1, 2821.33, 1741796, 27
663, 498, 0, 1, 0, 0, 0.08%, 0, 0, 1, 2827.58, 1756064, 27
668, 502, 0, 1, 0, 0, 0.08%, 0, 0, 1, 2834.74, 1770276, 27
673, 506, 0, 1, 0, 0, 0.08%, 0, 0, 1, 2777.91, 1784038, 27
678, 510, 0, 1, 0, 0, 0.08%, 0, 0, 1, 2769.98, 1798138, 27
683, 514, 0, 1, 0, 0, 0.08%, 0, 0, 1, 2611.37, 1811161, 27
688, 517, 0, 1, 0, 0, 0.08%, 0, 0, 1, 2320.68, 1822356, 27
693, 521, 0, 1, 0, 0, 0.08%, 0, 0, 1, 2622.90, 1835992, 27
698, 525, 0, 1, 0, 0, 0.08%, 0, 0, 1, 2739.44, 1849782, 27
703, 528, 0, 1, 0, 0, 0.08%, 0, 0, 1, 2684.34, 1863395, 27
708, 532, 0, 1, 0, 0, 0.08%, 0, 0, 1, 2518.11, 1875628, 27
713, 536, 0, 1, 0, 0, 0.08%, 0, 0, 1, 2763.75, 1889898, 27
718, 540, 0, 1, 0, 0, 0.08%, 0, 0, 1, 2680.92, 1903251, 27
723, 544, 0, 1, 0, 0, 0.08%, 0, 0, 1, 2776.07, 1917308, 27
728, 548, 0, 1, 0, 0, 0.08%, 0, 0, 1, 2814.80, 1931587, 27
733, 552, 0, 1, 0, 0, 0.08%, 0, 0, 1, 2701.98, 1945227, 27
738, 556, 0, 1, 0, 0, 0.08%, 0, 0, 1, 2795.15, 1959388, 27
743, 560, 0, 1, 0, 0, 0.08%, 0, 0, 1, 2853.59, 1973999, 27
749, 564, 0, 1, 0, 0, 0.08%, 0, 0, 1, 2855.18, 1988435, 27
754, 568, 0, 1, 0, 0, 0.08%, 0, 0, 1, 2860.42, 2002877, 27
759, 572, 0, 1, 0, 0, 0.08%, 0, 0, 1, 2864.69, 2017205, 27
764, 576, 0, 1, 0, 0, 0.08%, 0, 0, 1, 2848.33, 2031518, 27
769, 580, 0, 1, 0, 0, 0.08%, 0, 0, 1, 2821.53, 2045618, 27
774, 584, 0, 1, 0, 0, 0.08%, 0, 0, 1, 2808.25, 2059550, 27
779, 588, 0, 1, 0, 0, 0.08%, 0, 0, 1, 2690.11, 2073137, 27
784, 592, 0, 1, 0, 0, 0.08%, 0, 0, 1, 2800.40, 2087243, 27
789, 596, 0, 1, 0, 0, 0.08%, 0, 0, 1, 2848.72, 2101682, 27
794, 600, 0, 1, 0, 0, 0.08%, 0, 0, 1, 2843.36, 2116118, 27
799, 604, 0, 1, 0, 0, 0.08%, 0, 0, 1, 2862.25, 2130552, 27
804, 608, 0, 1, 0, 0, 0.08%, 0, 0, 1, 2859.81, 2145166, 27
809, 612, 0, 1, 0, 0, 0.08%, 0, 0, 1, 2862.63, 2159665, 27
814, 616, 0, 1, 0, 0, 0.08%, 0, 0, 1, 2849.53, 2173993, 27
819, 621, 0, 1, 0, 0, 0.08%, 0, 0, 1, 2859.07, 2188356, 27
824, 625, 0, 1, 0, 0, 0.08%, 0, 0, 1, 2847.58, 2202788, 27
829, 629, 0, 1, 0, 0, 0.08%, 0, 0, 1, 2846.82, 2217168, 27
834, 633, 0, 1, 0, 0, 0.08%, 0, 0, 1, 2867.81, 2231602, 27
839, 637, 0, 1, 0, 0, 0.08%, 0, 0, 1, 2852.97, 2245983, 27
844, 641, 0, 1, 0, 0, 0.08%, 0, 0, 1, 2847.32, 2260307, 27
849, 645, 0, 1, 0, 0, 0.08%, 0, 0, 1, 2861.07, 2274701, 27
854, 649, 0, 1, 0, 0, 0.08%, 0, 0, 1, 2876.11, 2289143, 27
859, 653, 0, 1, 0, 0, 0.08%, 0, 0, 1, 2872.61, 2303677, 27
864, 657, 0, 1, 0, 0, 0.08%, 0, 0, 1, 2880.07, 2318176, 27
869, 661, 0, 1, 0, 0, 0.08%, 0, 0, 1, 2857.50, 2332561, 27
875, 666, 0, 1, 0, 0, 0.08%, 0, 0, 1, 2844.66, 2346865, 27
880, 670, 0, 1, 0, 0, 0.08%, 0, 0, 1, 2845.89, 2361189, 27
885, 674, 0, 1, 0, 0, 0.08%, 0, 0, 1, 2860.44, 2375580, 27
890, 678, 0, 1, 0, 0, 0.08%, 0, 0, 1, 2825.80, 2389613, 27
895, 682, 0, 1, 0, 0, 0.08%, 0, 0, 1, 2857.53, 2404179, 27
900, 686, 0, 1, 0, 0, 0.08%, 0, 0, 1, 2846.93, 2418427, 27
905, 690, 0, 1, 0, 0, 0.08%, 0, 0, 1, 2851.80, 2432864, 27
910, 694, 0, 1, 0, 0, 0.08%, 0, 0, 1, 2856.55, 2447369, 27
915, 698, 0, 1, 0, 0, 0.08%, 0, 0, 1, 2848.91, 2461697, 27
920, 702, 0, 1, 0, 0, 0.08%, 0, 0, 1, 2878.78, 2476117, 27
925, 706, 0, 1, 0, 0, 0.08%, 0, 0, 1, 2870.55, 2490673, 27
930, 710, 0, 1, 0, 0, 0.08%, 0, 0, 1, 2853.68, 2505001, 27
935, 715, 0, 1, 0, 0, 0.08%, 0, 0, 1, 2876.66, 2519535, 27
940, 719, 0, 1, 0, 0, 0.08%, 0, 0, 1, 2832.51, 2533914, 27
945, 723, 0, 1, 0, 0, 0.08%, 0, 0, 1, 2850.30, 2548419, 27
950, 727, 0, 1, 0, 0, 0.08%, 0, 0, 1, 2878.17, 2562952, 27
955, 731, 0, 1, 0, 0, 0.08%, 0, 0, 1, 2880.77, 2577566, 27
960, 735, 0, 1, 0, 0, 0.08%, 0, 0, 1, 2831.80, 2591713, 27
965, 739, 0, 1, 0, 0, 0.08%, 0, 0, 1, 2827.93, 2605981, 27
970, 743, 0, 1, 0, 0, 0.08%, 0, 0, 1, 2863.43, 2620527, 27
975, 747, 0, 1, 0, 0, 0.08%, 0, 0, 1, 2834.91, 2634796, 27
980, 751, 0, 1, 0, 0, 0.08%, 0, 0, 1, 2878.10, 2649355, 27
985, 755, 0, 1, 0, 0, 0.08%, 0, 0, 1, 2859.41, 2663683, 27
991, 760, 0, 1, 0, 0, 0.08%, 0, 0, 1, 2843.69, 2678159, 27
996, 764, 0, 1, 0, 0, 0.08%, 0, 0, 1, 2847.17, 2692545, 27
1001, 768, 0, 1, 0, 0, 0.08%, 0, 0, 1, 2876.52, 2707044, 27
1006, 772, 0, 1, 0, 0, 0.08%, 0, 0, 1, 2874.57, 2721577, 27
1011, 776, 0, 1, 0, 0, 0.08%, 0, 0, 1, 2886.49, 2736077, 27
1016, 780, 0, 1, 0, 0, 0.08%, 0, 0, 1, 2675.15, 2749133, 27
1021, 783, 0, 1, 0, 0, 0.08%, 0, 0, 1, 2680.41, 2762588, 27
1026, 787, 0, 1, 0, 0, 0.08%, 0, 0, 1, 2732.82, 2776276, 27
1031, 791, 0, 1, 0, 0, 0.08%, 0, 0, 1, 2770.49, 2790278, 27
1036, 795, 0, 1, 0, 0, 0.08%, 0, 0, 1, 2782.04, 2804268, 27
1041, 799, 0, 1, 0, 0, 0.08%, 0, 0, 1, 2850.18, 2818669, 27
1046, 803, 0, 1, 0, 0, 0.08%, 0, 0, 1, 2850.77, 2833054, 27
1051, 808, 0, 1, 0, 0, 0.08%, 0, 0, 1, 2872.32, 2847588, 27
1056, 812, 0, 1, 0, 0, 0.08%, 0, 0, 1, 2845.99, 2862075, 27
1061, 816, 0, 1, 0, 0, 0.08%, 0, 0, 1, 2868.96, 2876586, 27
1066, 820, 0, 1, 0, 0, 0.08%, 0, 0, 1, 2851.22, 2890834, 27
1071, 824, 0, 1, 0, 0, 0.08%, 0, 0, 1, 2849.36, 2905214, 27
1076, 828, 0, 1, 0, 0, 0.08%, 0, 0, 1, 2865.12, 2919662, 27
1081, 832, 0, 1, 0, 0, 0.08%, 0, 0, 1, 2873.94, 2934161, 27
1087, 836, 0, 1, 0, 0, 0.08%, 0, 0, 1, 2868.94, 2949037, 27
1092, 840, 0, 1, 0, 0, 0.08%, 0, 0, 1, 2872.35, 2963479, 27
1097, 845, 0, 1, 0, 0, 0.08%, 0, 0, 1, 2858.58, 2977785, 27
1102, 849, 0, 1, 0, 0, 0.08%, 0, 0, 1, 2875.34, 2992227, 27
1107, 853, 0, 1, 0, 0, 0.08%, 0, 0, 1, 2842.23, 3006669, 27
1112, 857, 0, 1, 0, 0, 0.08%, 0, 0, 1, 2883.44, 3021202, 27
1117, 861, 0, 1, 0, 0, 0.08%, 0, 0, 1, 2888.13, 3035702, 27
1122, 865, 0, 1, 0, 0, 0.08%, 0, 0, 1, 2865.29, 3050087, 27
1127, 869, 0, 1, 0, 0, 0.08%, 0, 0, 1, 2856.44, 3064415, 27
1132, 873, 0, 1, 0, 0, 0.08%, 0, 0, 1, 2864.12, 3078835, 27
1137, 877, 0, 1, 0, 0, 0.08%, 0, 0, 1, 2809.58, 3093550, 27
1142, 881, 0, 1, 0, 0, 0.08%, 0, 0, 1, 2804.99, 3107650, 27
1147, 885, 0, 1, 0, 0, 0.08%, 0, 0, 1, 2757.89, 3121353, 27
1152, 889, 0, 1, 0, 0, 0.08%, 0, 0, 1, 2799.37, 3135563, 27
1157, 893, 0, 1, 0, 0, 0.08%, 0, 0, 1, 2756.42, 3149872, 27
1162, 897, 0, 1, 0, 0, 0.08%, 0, 0, 1, 2830.05, 3164274, 27
1167, 901, 0, 1, 0, 0, 0.08%, 0, 0, 1, 2794.01, 3178303, 27
1173, 905, 0, 1, 0, 0, 0.08%, 0, 0, 1, 2776.77, 3192293, 27
1178, 909, 0, 1, 0, 0, 0.08%, 0, 0, 1, 2852.19, 3206852, 27
1183, 914, 0, 1, 0, 0, 0.08%, 0, 0, 1, 2867.22, 3221409, 27
1188, 918, 0, 1, 0, 0, 0.08%, 0, 0, 1, 2776.42, 3235383, 27
1193, 922, 0, 1, 0, 0, 0.08%, 0, 0, 1, 2801.98, 3249713, 27
1198, 926, 0, 1, 0, 0, 0.08%, 0, 0, 1, 2821.19, 3263925, 27
1203, 930, 0, 1, 0, 0, 0.08%, 0, 0, 1, 2801.51, 3278081, 27
1208, 934, 0, 1, 0, 0, 0.08%, 0, 0, 1, 2824.70, 3292181, 27
1213, 938, 0, 1, 0, 0, 0.08%, 0, 0, 1, 2831.56, 3306505, 27
1218, 942, 0, 1, 0, 0, 0.08%, 0, 0, 1, 2765.66, 3320313, 27
1223, 946, 0, 1, 0, 0, 0.08%, 0, 0, 1, 2805.97, 3334481, 27
1228, 950, 0, 1, 0, 0, 0.08%, 0, 0, 1, 2802.62, 3348581, 27
1233, 954, 0, 1, 0, 0, 0.08%, 0, 0, 1, 2755.08, 3362871, 27
1238, 958, 0, 1, 0, 0, 0.08%, 0, 0, 1, 2837.12, 3377227, 27
1243, 962, 0, 1, 0, 0, 0.08%, 0, 0, 1, 2828.72, 3391496, 27
1248, 966, 0, 1, 0, 0, 0.08%, 0, 0, 1, 2829.05, 3405708, 27
1253, 970, 0, 1, 0, 0, 0.08%, 0, 0, 1, 2630.92, 3419360, 27
1258, 974, 0, 1, 0, 0, 0.08%, 0, 0, 1, 2732.99, 3433101, 27
1264, 978, 0, 1, 0, 0, 0.08%, 0, 0, 1, 2758.97, 3447158, 27
1269, 982, 0, 1, 0, 0, 0.08%, 0, 0, 1, 2785.78, 3461093, 27
1274, 986, 0, 1, 0, 0, 0.08%, 0, 0, 1, 2834.02, 3475425, 27
1279, 990, 0, 1, 0, 0, 0.08%, 0, 0, 1, 2789.81, 3489458, 27
1284, 994, 0, 1, 0, 0, 0.08%, 0, 0, 1, 2808.40, 3504073, 27
1289, 998, 0, 1, 0, 0, 0.08%, 0, 0, 1, 2829.02, 3518340, 27
1294, 1002, 0, 1, 0, 0, 0.08%, 0, 0, 1, 2801.97, 3532384, 27
1299, 1006, 0, 1, 0, 0, 0.08%, 0, 0, 1, 2834.92, 3546764, 27
1304, 1010, 0, 1, 0, 0, 0.08%, 0, 0, 1, 2842.03, 3561269, 27
1309, 1014, 0, 1, 0, 0, 0.08%, 0, 0, 1, 2817.31, 3575300, 27
1314, 1018, 0, 1, 0, 0, 0.08%, 0, 0, 1, 2842.72, 3589680, 27
1319, 1022, 0, 1, 0, 0, 0.08%, 0, 0, 1, 2813.68, 3603892, 27
1324, 1026, 0, 1, 0, 0, 0.08%, 0, 0, 1, 2847.50, 3618327, 27
1329, 1030, 0, 1, 0, 0, 0.08%, 0, 0, 1, 2800.51, 3632533, 27
1334, 1034, 0, 1, 0, 0, 0.08%, 0, 0, 1, 2797.67, 3646688, 27
1339, 1038, 0, 1, 0, 0, 0.08%, 0, 0, 1, 2811.89, 3660963, 27
1345, 1042, 0, 1, 0, 0, 0.08%, 0, 0, 1, 2813.63, 3675175, 27
1350, 1046, 0, 1, 0, 0, 0.08%, 0, 0, 1, 2815.24, 3689331, 27
1355, 1050, 0, 1, 0, 0, 0.08%, 0, 0, 1, 2827.07, 3703487, 27
1360, 1055, 0, 1, 0, 0, 0.08%, 0, 0, 1, 2850.46, 3718034, 27
1365, 1059, 0, 1, 0, 0, 0.08%, 0, 0, 1, 2817.04, 3732358, 27
1370, 1063, 0, 1, 0, 0, 0.08%, 0, 0, 1, 2861.16, 3746748, 27
1375, 1067, 0, 1, 0, 0, 0.08%, 0, 0, 1, 2819.68, 3761398, 27
1380, 1071, 0, 1, 0, 0, 0.08%, 0, 0, 1, 2797.02, 3775533, 27
1385, 1075, 0, 1, 0, 0, 0.08%, 0, 0, 1, 2802.07, 3789709, 27
1390, 1079, 0, 1, 0, 0, 0.08%, 0, 0, 1, 2806.05, 3804313, 27
1395, 1083, 0, 1, 0, 0, 0.08%, 0, 0, 1, 2793.43, 3818458, 27
1401, 1087, 0, 1, 0, 0, 0.08%, 0, 0, 1, 2796.62, 3832961, 27
1406, 1091, 0, 1, 0, 0, 0.08%, 0, 0, 1, 2799.89, 3847620, 27
1411, 1095, 0, 1, 0, 0, 0.08%, 0, 0, 1, 2833.70, 3862000, 27
1416, 1099, 0, 1, 0, 0, 0.08%, 0, 0, 1, 2858.01, 3876454, 27
1421, 1104, 0, 1, 0, 0, 0.08%, 0, 0, 1, 2866.10, 3891045, 27
1426, 1108, 0, 1, 0, 0, 0.08%, 0, 0, 1, 2813.32, 3905195, 27
1431, 1112, 0, 1, 0, 0, 0.08%, 0, 0, 1, 2803.30, 3919351, 27
1436, 1116, 0, 1, 0, 0, 0.08%, 0, 0, 1, 2828.12, 3933787, 27
1441, 1120, 0, 1, 0, 0, 0.08%, 0, 0, 1, 2848.57, 3948186, 27
1446, 1124, 0, 1, 0, 0, 0.08%, 0, 0, 1, 2793.04, 3962193, 27
1451, 1128, 0, 1, 0, 0, 0.08%, 0, 0, 1, 2774.66, 3975853, 27
1456, 1132, 0, 1, 0, 0, 0.08%, 0, 0, 1, 2795.16, 3989898, 27
1461, 1136, 0, 1, 0, 0, 0.08%, 0, 0, 1, 2857.62, 4004415, 27
1466, 1140, 0, 1, 0, 0, 0.08%, 0, 0, 1, 2870.78, 4018777, 27
1471, 1144, 0, 1, 0, 0, 0.08%, 0, 0, 1, 2790.84, 4032877, 27
1476, 1148, 0, 1, 0, 0, 0.08%, 0, 0, 1, 2826.01, 4046923, 27
1481, 1152, 0, 1, 0, 0, 0.08%, 0, 0, 1, 2860.16, 4061363, 27
1486, 1156, 0, 1, 0, 0, 0.08%, 0, 0, 1, 2869.00, 4075862, 27
1492, 1160, 0, 1, 0, 0, 0.08%, 0, 0, 1, 2828.27, 4090006, 27
1497, 1164, 0, 1, 0, 0, 0.08%, 0, 0, 1, 2857.83, 4104461, 27
1502, 1168, 0, 1, 0, 0, 0.08%, 0, 0, 1, 2801.25, 4118542, 27
1507, 1172, 0, 1, 0, 0, 0.08%, 0, 0, 1, 2818.87, 4132752, 27
1512, 1176, 0, 1, 0, 0, 0.08%, 0, 0, 1, 2799.43, 4146852, 27
1517, 1180, 0, 1, 0, 0, 0.08%, 0, 0, 1, 2811.11, 4161009, 27
1522, 1184, 0, 1, 0, 0, 0.08%, 0, 0, 1, 2820.06, 4175277, 27
1527, 1188, 0, 1, 0, 0, 0.08%, 0, 0, 1, 2841.64, 4189657, 27
1532, 1192, 0, 1, 0, 0, 0.08%, 0, 0, 1, 2853.12, 4204051, 27
1537, 1197, 0, 1, 0, 0, 0.08%, 0, 0, 1, 2885.87, 4218699, 27
1542, 1201, 0, 1, 0, 0, 0.08%, 0, 0, 1, 2888.83, 4233198, 27
1547, 1205, 0, 1, 0, 0, 0.08%, 0, 0, 1, 2860.68, 4247811, 27
1552, 1209, 0, 1, 0, 0, 0.08%, 0, 0, 1, 2868.01, 4262288, 27
1557, 1213, 0, 1, 0, 0, 0.08%, 0, 0, 1, 2854.69, 4276673, 27
1562, 1217, 0, 1, 0, 0, 0.08%, 0, 0, 1, 2866.36, 4291172, 27
1567, 1221, 0, 1, 0, 0, 0.08%, 0, 0, 1, 2853.24, 4305477, 27
1572, 1225, 0, 1, 0, 0, 0.08%, 0, 0, 1, 2845.91, 4319858, 27
1577, 1229, 0, 1, 0, 0, 0.08%, 0, 0, 1, 2770.63, 4333677, 27
1582, 1233, 0, 1, 0, 0, 0.08%, 0, 0, 1, 2832.95, 4348114, 27
1587, 1237, 0, 1, 0, 0, 0.08%, 0, 0, 1, 2755.19, 4361837, 27
1592, 1241, 0, 1, 0, 0, 0.08%, 0, 0, 1, 2811.09, 4376090, 27
1597, 1245, 0, 1, 0, 0, 0.08%, 0, 0, 1, 2823.44, 4390302, 27
1603, 1249, 0, 1, 0, 0, 0.08%, 0, 0, 1, 2813.50, 4404626, 27
1608, 1253, 0, 1, 0, 0, 0.08%, 0, 0, 1, 2821.31, 4418894, 27
1613, 1257, 0, 1, 0, 0, 0.08%, 0, 0, 1, 2777.45, 4433148, 27
1618, 1261, 0, 1, 0, 0, 0.08%, 0, 0, 1, 2829.86, 4447598, 27
1623, 1265, 0, 1, 0, 0, 0.08%, 0, 0, 1, 2822.11, 4461752, 27
1628, 1270, 0, 1, 0, 0, 0.08%, 0, 0, 1, 2835.34, 4476021, 27
1633, 1274, 0, 1, 0, 0, 0.08%, 0, 0, 1, 2872.86, 4490409, 27
1638, 1278, 0, 1, 0, 0, 0.08%, 0, 0, 1, 2866.34, 4504794, 27
1643, 1282, 0, 1, 0, 0, 0.08%, 0, 0, 1, 2854.48, 4519670, 27
1648, 1286, 0, 1, 0, 0, 0.08%, 0, 0, 1, 2852.45, 4534548, 27
1653, 1290, 0, 1, 0, 0, 0.08%, 0, 0, 1, 2840.50, 4548815, 27
1659, 1294, 0, 1, 0, 0, 0.08%, 0, 0, 1, 2807.65, 4563298, 27
1664, 1298, 0, 1, 0, 0, 0.08%, 0, 0, 1, 2829.14, 4577575, 27
1669, 1302, 0, 1, 0, 0, 0.08%, 0, 0, 1, 2816.37, 4591843, 27
1674, 1306, 0, 1, 0, 0, 0.08%, 0, 0, 1, 2830.30, 4606277, 27
1679, 1311, 0, 1, 0, 0, 0.08%, 0, 0, 1, 2844.62, 4620658, 27
1684, 1315, 0, 1, 0, 0, 0.08%, 0, 0, 1, 2834.53, 4634870, 27
1689, 1319, 0, 1, 0, 0, 0.08%, 0, 0, 1, 2843.16, 4649148, 27
1694, 1323, 0, 1, 0, 0, 0.08%, 0, 0, 1, 2823.48, 4663462, 27
1699, 1327, 0, 1, 0, 0, 0.08%, 0, 0, 1, 2790.99, 4677383, 27
1704, 1331, 0, 1, 0, 0, 0.08%, 0, 0, 1, 2785.51, 4691373, 27
1709, 1335, 0, 1, 0, 0, 0.08%, 0, 0, 1, 2837.99, 4705818, 27
1714, 1339, 0, 1, 0, 0, 0.08%, 0, 0, 1, 2827.84, 4720142, 27
1719, 1343, 0, 1, 0, 0, 0.08%, 0, 0, 1, 2800.78, 4734223, 27
1724, 1347, 0, 1, 0, 0, 0.08%, 0, 0, 1, 2806.70, 4748565, 27
1729, 1351, 0, 1, 0, 0, 0.08%, 0, 0, 1, 2777.84, 4762533, 27
1734, 1355, 0, 1, 0, 0, 0.08%, 0, 0, 1, 2826.42, 4776765, 27
1739, 1359, 0, 1, 0, 0, 0.08%, 0, 0, 1, 2779.46, 4790973, 27
1744, 1363, 0, 1, 0, 0, 0.08%, 0, 0, 1, 2793.74, 4805128, 27
1749, 1367, 0, 1, 0, 0, 0.08%, 0, 0, 1, 2821.88, 4819401, 27
1754, 1371, 0, 1, 0, 0, 0.08%, 0, 0, 1, 2798.02, 4833603, 27
1759, 1375, 0, 1, 0, 0, 0.08%, 0, 0, 1, 2828.66, 4847825, 27
1765, 1379, 0, 1, 0, 0, 0.08%, 0, 0, 1, 2797.04, 4861968, 27
1770, 1383, 0, 1, 0, 0, 0.08%, 0, 0, 1, 2833.38, 4876361, 27
1775, 1387, 0, 1, 0, 0, 0.08%, 0, 0, 1, 2821.13, 4890573, 27
1780, 1391, 0, 1, 0, 0, 0.08%, 0, 0, 1, 2852.97, 4905064, 27
1785, 1395, 0, 1, 0, 0, 0.08%, 0, 0, 1, 2773.11, 4918938, 27
1790, 1399, 0, 1, 0, 0, 0.08%, 0, 0, 1, 2750.86, 4932928, 27
1795, 1403, 0, 1, 0, 0, 0.08%, 0, 0, 1, 2860.25, 4947370, 27
1800, 1407, 0, 1, 0, 0, 0.08%, 0, 0, 1, 2833.81, 4961632, 27
1805, 1411, 0, 1, 0, 0, 0.08%, 0, 0, 1, 2755.66, 4975448, 27
1810, 1415, 0, 1, 0, 0, 0.08%, 0, 0, 1, 2801.74, 4989664, 27
1815, 1419, 0, 1, 0, 0, 0.08%, 0, 0, 1, 2780.20, 5003923, 27
1820, 1423, 0, 1, 0, 0, 0.08%, 0, 0, 1, 2845.59, 5018212, 27
1825, 1427, 0, 1, 0, 0, 0.08%, 0, 0, 1, 2785.35, 5032178, 27
1830, 1431, 0, 1, 0, 0, 0.08%, 0, 0, 1, 2833.49, 5046512, 27
1835, 1435, 0, 1, 0, 0, 0.08%, 0, 0, 1, 2792.77, 5060598, 27
1840, 1439, 0, 1, 0, 0, 0.08%, 0, 0, 1, 2816.88, 5074936, 27
1845, 1443, 0, 1, 0, 0, 0.08%, 0, 0, 1, 2819.83, 5089202, 27
1850, 1448, 0, 1, 0, 0, 0.08%, 0, 0, 1, 2843.26, 5103583, 27
1855, 1452, 0, 1, 0, 0, 0.08%, 0, 0, 1, 2859.04, 5117973, 27
1860, 1456, 0, 1, 0, 0, 0.08%, 0, 0, 1, 2828.32, 5132175, 27
1866, 1460, 0, 1, 0, 0, 0.08%, 0, 0, 1, 2755.41, 5146043, 27
1871, 1464, 0, 1, 0, 0, 0.08%, 0, 0, 1, 2778.56, 5160088, 27
1876, 1468, 0, 1, 0, 0, 0.08%, 0, 0, 1, 2783.12, 5174133, 27
1881, 1472, 0, 1, 0, 0, 0.08%, 0, 0, 1, 2769.54, 5188123, 27
1886, 1476, 0, 1, 0, 0, 0.08%, 0, 0, 1, 2796.63, 5202168, 27
1891, 1480, 0, 1, 0, 0, 0.08%, 0, 0, 1, 2753.51, 5216158, 27
1896, 1483, 0, 1, 0, 0, 0.08%, 0, 0, 1, 2777.16, 5230018, 27
1901, 1487, 0, 1, 0, 0, 0.08%, 0, 0, 1, 2764.13, 5243843, 27
1906, 1491, 0, 1, 0, 0, 0.08%, 0, 0, 1, 2783.10, 5257833, 27
1911, 1495, 0, 1, 0, 0, 0.08%, 0, 0, 1, 2774.99, 5271823, 27
1916, 1499, 0, 1, 0, 0, 0.08%, 0, 0, 1, 2789.41, 5285932, 27
1921, 1503, 0, 1, 0, 0, 0.08%, 0, 0, 1, 2804.10, 5300200, 27
1926, 1507, 0, 1, 0, 0, 0.08%, 0, 0, 1, 2701.22, 5313898, 27
1931, 1511, 0, 1, 0, 0, 0.08%, 0, 0, 1, 2787.82, 5328443, 27
1936, 1515, 0, 1, 0, 0, 0.08%, 0, 0, 1, 2764.14, 5342378, 27
1942, 1519, 0, 1, 0, 0, 0.08%, 0, 0, 1, 2807.18, 5356992, 27
1947, 1523, 0, 1, 0, 0, 0.08%, 0, 0, 1, 2797.79, 5370908, 27
1952, 1527, 0, 1, 0, 0, 0.08%, 0, 0, 1, 2827.10, 5385302, 27
1957, 1532, 0, 1, 0, 0, 0.08%, 0, 0, 1, 2846.04, 5399795, 27
1962, 1536, 0, 1, 0, 0, 0.08%, 0, 0, 1, 2872.74, 5414244, 27
1967, 1540, 0, 1, 0, 0, 0.08%, 0, 0, 1, 2859.17, 5428515, 27
1972, 1544, 0, 1, 0, 0, 0.08%, 0, 0, 1, 2831.00, 5442877, 27
1977, 1548, 0, 1, 0, 0, 0.08%, 0, 0, 1, 2831.70, 5457650, 27
1982, 1552, 0, 1, 0, 0, 0.08%, 0, 0, 1, 2847.02, 5472030, 27
1987, 1556, 0, 1, 0, 0, 0.08%, 0, 0, 1, 2818.26, 5486242, 27
1992, 1560, 0, 1, 0, 0, 0.08%, 0, 0, 1, 2814.87, 5500452, 27
1997, 1564, 0, 1, 0, 0, 0.08%, 0, 0, 1, 2828.35, 5514552, 27
2002, 1568, 0, 1, 0, 0, 0.08%, 0, 0, 1, 2823.70, 5528877, 27
2007, 1572, 0, 1, 0, 0, 0.08%, 0, 0, 1, 2824.81, 5543145, 27
2012, 1576, 0, 1, 0, 0, 0.08%, 0, 0, 1, 2835.43, 5557301, 27
2017, 1580, 0, 1, 0, 0, 0.08%, 0, 0, 1, 2805.92, 5571513, 27
2022, 1584, 0, 1, 0, 0, 0.08%, 0, 0, 1, 2829.03, 5585837, 27
2028, 1588, 0, 1, 0, 0, 0.08%, 0, 0, 1, 2799.99, 5599978, 27
2033, 1592, 0, 1, 0, 0, 0.08%, 0, 0, 1, 2817.37, 5614037, 27
2038, 1596, 0, 1, 0, 0, 0.08%, 0, 0, 1, 2802.28, 5628178, 27
2043, 1600, 0, 1, 0, 0, 0.08%, 0, 0, 1, 2825.16, 5642627, 27
2048, 1605, 0, 1, 0, 0, 0.08%, 0, 0, 1, 2822.40, 5656896, 27
2053, 1609, 0, 1, 0, 0, 0.08%, 0, 0, 1, 2827.80, 5671220, 27
2058, 1613, 0, 1, 0, 0, 0.08%, 0, 0, 1, 2778.90, 5685313, 27
2063, 1616, 0, 1, 0, 0, 0.08%, 0, 0, 1, 2477.37, 5698343, 27
2068, 1619, 0, 1, 0, 0, 0.08%, 0, 0, 1, 1837.75, 5707919, 27
2073, 1622, 0, 1, 0, 0, 0.08%, 0, 0, 1, 2187.66, 5718947, 27
2078, 1626, 0, 1, 0, 0, 0.08%, 0, 0, 1, 2463.86, 5731977, 27
2084, 1630, 0, 1, 0, 0, 0.08%, 0, 0, 1, 2560.10, 5744956, 27
2089, 1633, 0, 1, 0, 0, 0.08%, 0, 0, 1, 2578.07, 5757983, 27
2094, 1637, 0, 1, 0, 0, 0.08%, 0, 0, 1, 2493.37, 5770215, 27
2099, 1640, 0, 1, 0, 0, 0.08%, 0, 0, 1, 2543.78, 5783054, 27
2104, 1644, 0, 1, 0, 0, 0.08%, 0, 0, 1, 2488.51, 5795629, 27
2109, 1648, 0, 1, 0, 0, 0.08%, 0, 0, 1, 2561.47, 5808804, 27
2114, 1651, 0, 1, 0, 0, 0.08%, 0, 0, 1, 2628.13, 5822061, 27
2119, 1655, 0, 1, 0, 0, 0.08%, 0, 0, 1, 2567.23, 5835276, 27
2124, 1659, 0, 1, 0, 0, 0.08%, 0, 0, 1, 2570.30, 5848201, 27
2129, 1662, 0, 1, 0, 0, 0.08%, 0, 0, 1, 2547.27, 5861075, 27
2134, 1666, 0, 1, 0, 0, 0.08%, 0, 0, 1, 2301.36, 5872339, 27
2139, 1669, 0, 1, 0, 0, 0.08%, 0, 0, 1, 2444.61, 5884967, 27
2144, 1673, 0, 1, 0, 0, 0.08%, 0, 0, 1, 2485.17, 5897800, 27
2150, 1676, 0, 1, 0, 0, 0.08%, 0, 0, 1, 2475.99, 5909795, 27
2155, 1680, 0, 1, 0, 0, 0.08%, 0, 0, 1, 2457.81, 5922567, 27
2160, 1684, 0, 1, 0, 0, 0.08%, 0, 0, 1, 2576.93, 5935918, 27
2165, 1688, 0, 1, 0, 0, 0.08%, 0, 0, 1, 2588.79, 5949457, 27
2170, 1691, 0, 1, 0, 0, 0.08%, 0, 0, 1, 2604.74, 5962957, 27
2175, 1695, 0, 1, 0, 0, 0.08%, 0, 0, 1, 2635.52, 5976745, 27
2180, 1699, 0, 1, 0, 0, 0.08%, 0, 0, 1, 2653.34, 5990086, 27
2186, 1703, 0, 1, 0, 0, 0.08%, 0, 0, 1, 2631.79, 6003718, 27
2191, 1707, 0, 1, 0, 0, 0.08%, 0, 0, 1, 2636.84, 6016903, 27
2196, 1710, 0, 1, 0, 0, 0.08%, 0, 0, 1, 2644.36, 6030088, 27
2201, 1714, 0, 1, 0, 0, 0.08%, 0, 0, 1, 2649.65, 6043824, 27
2206, 1718, 0, 1, 0, 0, 0.08%, 0, 0, 1, 2643.48, 6057077, 27
2211, 1722, 0, 1, 0, 0, 0.08%, 0, 0, 1, 2663.99, 6070435, 27
2216, 1726, 0, 1, 0, 0, 0.08%, 0, 0, 1, 2611.40, 6083566, 27
2221, 1729, 0, 1, 0, 0, 0.08%, 0, 0, 1, 2421.12, 6095436, 27
2226, 1733, 0, 1, 0, 0, 0.08%, 0, 0, 1, 2540.57, 6108279, 27
2231, 1736, 0, 1, 0, 0, 0.08%, 0, 0, 1, 2602.96, 6121530, 27
2236, 1740, 0, 1, 0, 0, 0.08%, 0, 0, 1, 2565.50, 6134340, 27
2241, 1743, 0, 1, 0, 0, 0.08%, 0, 0, 1, 2478.63, 6146509, 27
2246, 1747, 0, 1, 0, 0, 0.08%, 0, 0, 1, 2541.73, 6159729, 27
2251, 1751, 0, 1, 0, 0, 0.08%, 0, 0, 1, 2613.97, 6172866, 27
2256, 1755, 0, 1, 0, 0, 0.08%, 0, 0, 1, 2603.03, 6185947, 27
2261, 1758, 0, 1, 0, 0, 0.08%, 0, 0, 1, 2640.13, 6199184, 27
2266, 1762, 0, 1, 0, 0, 0.08%, 0, 0, 1, 2629.14, 6212421, 27
2271, 1766, 0, 1, 0, 0, 0.08%, 0, 0, 1, 2637.43, 6226105, 27
2277, 1770, 0, 1, 0, 0, 0.08%, 0, 0, 1, 2653.99, 6239841, 27
2282, 1774, 0, 1, 0, 0, 0.08%, 0, 0, 1, 2666.27, 6253628, 27
2287, 1778, 0, 1, 0, 0, 0.08%, 0, 0, 1, 2599.80, 6266605, 27
2292, 1781, 0, 1, 0, 0, 0.08%, 0, 0, 1, 2648.05, 6280363, 27
2297, 1785, 0, 1, 0, 0, 0.08%, 0, 0, 1, 2655.26, 6293791, 27
2302, 1789, 0, 1, 0, 0, 0.08%, 0, 0, 1, 2647.31, 6307087, 27
2307, 1793, 0, 1, 0, 0, 0.08%, 0, 0, 1, 2621.77, 6320760, 27
2312, 1797, 0, 1, 0, 0, 0.08%, 0, 0, 1, 2643.90, 6334569, 27
2317, 1801, 0, 1, 0, 0, 0.08%, 0, 0, 1, 2636.17, 6347733, 27
2323, 1804, 0, 1, 0, 0, 0.08%, 0, 0, 1, 2657.04, 6361561, 27
2328, 1808, 0, 1, 0, 0, 0.08%, 0, 0, 1, 2622.43, 6374623, 27
2333, 1812, 0, 1, 0, 0, 0.08%, 0, 0, 1, 2640.93, 6388359, 27
2338, 1816, 0, 1, 0, 0, 0.08%, 0, 0, 1, 2638.47, 6402050, 27
2343, 1820, 0, 1, 0, 0, 0.08%, 0, 0, 1, 2654.30, 6415938, 27
2348, 1824, 0, 1, 0, 0, 0.08%, 0, 0, 1, 2648.02, 6429588, 27
2353, 1828, 0, 1, 0, 0, 0.08%, 0, 0, 1, 2650.46, 6442856, 27
2358, 1831, 0, 1, 0, 0, 0.08%, 0, 0, 1, 2656.43, 6456206, 27
2363, 1835, 0, 1, 0, 0, 0.08%, 0, 0, 1, 2647.10, 6469486, 27
2369, 1839, 0, 1, 0, 0, 0.08%, 0, 0, 1, 2641.31, 6483170, 27
2374, 1841, 0, 1, 0, 0, 0.08%, 0, 0, 1, 1805.59, 6491735, 27
2379, 1844, 0, 1, 0, 0, 0.08%, 0, 0, 1, 1856.78, 6500739, 27
2384, 1848, 0, 1, 0, 0, 0.08%, 0, 0, 1, 2533.16, 6514154, 27
2389, 1852, 0, 1, 0, 0, 0.08%, 0, 0, 1, 2682.81, 6528093, 27
2394, 1856, 0, 1, 0, 0, 0.08%, 0, 0, 1, 2760.74, 6541834, 27
2399, 1860, 0, 1, 0, 0, 0.08%, 0, 0, 1, 2844.95, 6556332, 27
2404, 1864, 0, 1, 0, 0, 0.08%, 0, 0, 1, 2834.61, 6570768, 27
2409, 1868, 0, 1, 0, 0, 0.08%, 0, 0, 1, 2819.84, 6585091, 27
2414, 1872, 0, 1, 0, 0, 0.08%, 0, 0, 1, 2869.65, 6599535, 27
2420, 1876, 0, 1, 0, 0, 0.08%, 0, 0, 1, 2897.91, 6614582, 27
2425, 1880, 0, 1, 0, 0, 0.08%, 0, 0, 1, 2887.70, 6629138, 27
2430, 1884, 0, 1, 0, 0, 0.08%, 0, 0, 1, 2880.69, 6643694, 27
2435, 1889, 0, 1, 0, 0, 0.08%, 0, 0, 1, 2852.72, 6658114, 27
2440, 1893, 0, 1, 0, 0, 0.08%, 0, 0, 1, 2895.94, 6672727, 27
2445, 1897, 0, 1, 0, 0, 0.08%, 0, 0, 1, 2894.55, 6687169, 27
2450, 1901, 0, 1, 0, 0, 0.08%, 0, 0, 1, 2744.51, 6700777, 27
2455, 1905, 0, 1, 0, 0, 0.08%, 0, 0, 1, 2787.34, 6714779, 27
2460, 1909, 0, 1, 0, 0, 0.08%, 0, 0, 1, 2798.66, 6729337, 27
2465, 1913, 0, 1, 0, 0, 0.08%, 0, 0, 1, 2813.89, 6743493, 27
2470, 1917, 0, 1, 0, 0, 0.08%, 0, 0, 1, 2788.54, 6757409, 27
2475, 1921, 0, 1, 0, 0, 0.08%, 0, 0, 1, 2799.04, 6771525, 27
2480, 1925, 0, 1, 0, 0, 0.08%, 0, 0, 1, 2861.01, 6786474, 27
2485, 1929, 0, 1, 0, 0, 0.08%, 0, 0, 1, 2817.57, 6800564, 27
2490, 1933, 0, 1, 0, 0, 0.08%, 0, 0, 1, 2858.24, 6815016, 27
2495, 1937, 0, 1, 0, 0, 0.08%, 0, 0, 1, 2740.84, 6828906, 27
2500, 1941, 0, 1, 0, 0, 0.08%, 0, 0, 1, 2791.63, 6843074, 27
2505, 1945, 0, 1, 0, 0, 0.08%, 0, 0, 1, 2804.46, 6857300, 27
2511, 1949, 0, 1, 0, 0, 0.08%, 0, 0, 1, 2760.12, 6871164, 27
2516, 1953, 0, 1, 0, 0, 0.08%, 0, 0, 1, 2745.85, 6884820, 27
2521, 1957, 0, 1, 0, 0, 0.08%, 0, 0, 1, 2765.07, 6899254, 27
2526, 1961, 0, 1, 0, 0, 0.08%, 0, 0, 1, 2798.48, 6913409, 27
2531, 1965, 0, 1, 0, 0, 0.08%, 0, 0, 1, 2844.62, 6927688, 27
2536, 1969, 0, 1, 0, 0, 0.08%, 0, 0, 1, 2879.11, 6942236, 27
2541, 1973, 0, 1, 0, 0, 0.08%, 0, 0, 1, 2872.87, 6956564, 27
2546, 1977, 0, 1, 0, 0, 0.08%, 0, 0, 1, 2904.94, 6971133, 27
2551, 1981, 0, 1, 0, 0, 0.08%, 0, 0, 1, 2822.91, 6985319, 27
2556, 1985, 0, 1, 0, 0, 0.08%, 0, 0, 1, 2693.91, 6998358, 27
2561, 1989, 0, 1, 0, 0, 0.08%, 0, 0, 1, 2819.10, 7013071, 27
2566, 1993, 0, 1, 0, 0, 0.08%, 0, 0, 1, 2881.53, 7027691, 27
2571, 1998, 0, 1, 0, 0, 0.08%, 0, 0, 1, 2876.77, 7042168, 27
2576, 2002, 0, 1, 0, 0, 0.08%, 0, 0, 1, 2860.93, 7056553, 27
2581, 2006, 0, 1, 0, 0, 0.08%, 0, 0, 1, 2870.68, 7071052, 27
2586, 2010, 0, 1, 0, 0, 0.08%, 0, 0, 1, 2857.58, 7085494, 27
2591, 2014, 0, 1, 0, 0, 0.08%, 0, 0, 1, 2879.31, 7100028, 27
2596, 2018, 0, 1, 0, 0, 0.08%, 0, 0, 1, 2864.35, 7114470, 27
2601, 2022, 0, 1, 0, 0, 0.08%, 0, 0, 1, 2864.87, 7128969, 27
2606, 2026, 0, 1, 0, 0, 0.08%, 0, 0, 1, 2873.66, 7143389, 27
2612, 2030, 0, 1, 0, 0, 0.08%, 0, 0, 1, 2861.24, 7158344, 27
2617, 2035, 0, 1, 0, 0, 0.08%, 0, 0, 1, 2862.49, 7172650, 27
2622, 2039, 0, 1, 0, 0, 0.08%, 0, 0, 1, 2876.94, 7187149, 27
2627, 2043, 0, 1, 0, 0, 0.08%, 0, 0, 1, 2866.80, 7201477, 27
2632, 2047, 0, 1, 0, 0, 0.08%, 0, 0, 1, 2802.99, 7215439, 27
2637, 2051, 0, 1, 0, 0, 0.08%, 0, 0, 1, 2803.69, 7229759, 27
2642, 2055, 0, 1, 0, 0, 0.08%, 0, 0, 1, 2835.02, 7244099, 27
2647, 2059, 0, 1, 0, 0, 0.08%, 0, 0, 1, 2790.60, 7258069, 27
2652, 2063, 0, 1, 0, 0, 0.08%, 0, 0, 1, 2779.16, 7272224, 27
2657, 2067, 0, 1, 0, 0, 0.08%, 0, 0, 1, 2809.43, 7286399, 27
2662, 2071, 0, 1, 0, 0, 0.08%, 0, 0, 1, 2816.30, 7300553, 27
2667, 2075, 0, 1, 0, 0, 0.08%, 0, 0, 1, 2837.15, 7314990, 27
2672, 2079, 0, 1, 0, 0, 0.08%, 0, 0, 1, 2817.02, 7329650, 27
2677, 2083, 0, 1, 0, 0, 0.08%, 0, 0, 1, 2857.21, 7344086, 27
2682, 2087, 0, 1, 0, 0, 0.08%, 0, 0, 1, 2822.61, 7358128, 27
2687, 2091, 0, 1, 0, 0, 0.08%, 0, 0, 1, 2874.99, 7372628, 27
2692, 2095, 0, 1, 0, 0, 0.08%, 0, 0, 1, 2718.90, 7386383, 27
2697, 2099, 0, 1, 0, 0, 0.08%, 0, 0, 1, 2809.90, 7400484, 27
2702, 2103, 0, 1, 0, 0, 0.08%, 0, 0, 1, 2872.04, 7414985, 27
2708, 2107, 0, 1, 0, 0, 0.08%, 0, 0, 1, 2811.32, 7429133, 27
2713, 2111, 0, 1, 0, 0, 0.08%, 0, 0, 1, 2855.08, 7443641, 27
2718, 2115, 0, 1, 0, 0, 0.08%, 0, 0, 1, 2860.67, 7458003, 27
2723, 2120, 0, 1, 0, 0, 0.08%, 0, 0, 1, 2862.35, 7472446, 27
2728, 2124, 0, 1, 0, 0, 0.08%, 0, 0, 1, 2843.78, 7486652, 27
2733, 2128, 0, 1, 0, 0, 0.08%, 0, 0, 1, 2862.33, 7501045, 27
2738, 2132, 0, 1, 0, 0, 0.08%, 0, 0, 1, 2841.37, 7515300, 27
2743, 2136, 0, 1, 0, 0, 0.08%, 0, 0, 1, 2860.39, 7529850, 27
2748, 2140, 0, 1, 0, 0, 0.08%, 0, 0, 1, 2868.71, 7544292, 27
2753, 2144, 0, 1, 0, 0, 0.08%, 0, 0, 1, 2840.19, 7558551, 27
2758, 2148, 0, 1, 0, 0, 0.08%, 0, 0, 1, 2828.94, 7573005, 27
2763, 2152, 0, 1, 0, 0, 0.08%, 0, 0, 1, 2828.71, 7587310, 27
2768, 2156, 0, 1, 0, 0, 0.08%, 0, 0, 1, 2817.38, 7601466, 27
2773, 2160, 0, 1, 0, 0, 0.08%, 0, 0, 1, 2859.11, 7615853, 27
2778, 2164, 0, 1, 0, 0, 0.08%, 0, 0, 1, 2864.25, 7630295, 27
2783, 2168, 0, 1, 0, 0, 0.08%, 0, 0, 1, 2840.37, 7644662, 27
2788, 2173, 0, 1, 0, 0, 0.08%, 0, 0, 1, 2838.10, 7659097, 27
2793, 2176, 0, 1, 0, 0, 0.08%, 0, 0, 1, 2724.21, 7672880, 27
2798, 2180, 0, 1, 0, 0, 0.08%, 0, 0, 1, 2788.41, 7686999, 27
2803, 2184, 0, 1, 0, 0, 0.08%, 0, 0, 1, 2794.62, 7701174, 27
2808, 2188, 0, 1, 0, 0, 0.08%, 0, 0, 1, 2790.14, 7715089, 27
2813, 2193, 0, 1, 0, 0, 0.08%, 0, 0, 1, 2833.34, 7729485, 27
2818, 2197, 0, 1, 0, 0, 0.08%, 0, 0, 1, 2807.76, 7743641, 27
2823, 2201, 0, 1, 0, 0, 0.08%, 0, 0, 1, 2834.28, 7758028, 27
2829, 2205, 0, 1, 0, 0, 0.08%, 0, 0, 1, 2830.95, 7772177, 27
2834, 2209, 0, 1, 0, 0, 0.08%, 0, 0, 1, 2822.70, 7786389, 27
2839, 2213, 0, 1, 0, 0, 0.08%, 0, 0, 1, 2834.03, 7800601, 27
2844, 2217, 0, 1, 0, 0, 0.08%, 0, 0, 1, 2847.51, 7815093, 27
2849, 2221, 0, 1, 0, 0, 0.08%, 0, 0, 1, 2875.10, 7830102, 27
2854, 2225, 0, 1, 0, 0, 0.08%, 0, 0, 1, 2868.12, 7844544, 27
2859, 2229, 0, 1, 0, 0, 0.08%, 0, 0, 1, 2851.28, 7858850, 27
2864, 2233, 0, 1, 0, 0, 0.08%, 0, 0, 1, 2851.52, 7873178, 27
2869, 2237, 0, 1, 0, 0, 0.08%, 0, 0, 1, 2860.39, 7887563, 27
2874, 2241, 0, 1, 0, 0, 0.08%, 0, 0, 1, 2826.01, 7901763, 27
2879, 2246, 0, 1, 0, 0, 0.08%, 0, 0, 1, 2819.50, 7916366, 27
2884, 2250, 0, 1, 0, 0, 0.08%, 0, 0, 1, 2801.97, 7930634, 27
2889, 2254, 0, 1, 0, 0, 0.08%, 0, 0, 1, 2814.83, 7945070, 27
2894, 2258, 0, 1, 0, 0, 0.08%, 0, 0, 1, 2839.65, 7959282, 27
2900, 2262, 0, 1, 0, 0, 0.08%, 0, 0, 1, 2831.56, 7973606, 27
2905, 2266, 0, 1, 0, 0, 0.08%, 0, 0, 1, 2814.25, 7987762, 27
2910, 2270, 0, 1, 0, 0, 0.08%, 0, 0, 1, 2854.51, 8002085, 27
2915, 2274, 0, 1, 0, 0, 0.08%, 0, 0, 1, 2843.35, 8016465, 27
2920, 2278, 0, 1, 0, 0, 0.08%, 0, 0, 1, 2880.06, 8031461, 27
2925, 2282, 0, 1, 0, 0, 0.08%, 0, 0, 1, 2880.96, 8045960, 27
2930, 2287, 0, 1, 0, 0, 0.08%, 0, 0, 1, 2865.34, 8060836, 27
2935, 2291, 0, 1, 0, 0, 0.08%, 0, 0, 1, 2849.05, 8075271, 27
2940, 2295, 0, 1, 0, 0, 0.08%, 0, 0, 1, 2851.74, 8089663, 27
2945, 2299, 0, 1, 0, 0, 0.08%, 0, 0, 1, 2824.10, 8103807, 27
2950, 2303, 0, 1, 0, 0, 0.08%, 0, 0, 1, 2798.94, 8118169, 27
2955, 2306, 0, 1, 0, 0, 0.08%, 0, 0, 1, 2640.73, 8130676, 27
2960, 2310, 0, 1, 0, 0, 0.08%, 0, 0, 1, 2811.02, 8144988, 27
2965, 2314, 0, 1, 0, 0, 0.08%, 0, 0, 1, 2839.27, 8159256, 27
2970, 2319, 0, 1, 0, 0, 0.08%, 0, 0, 1, 2853.73, 8173635, 27
2975, 2323, 0, 1, 0, 0, 0.08%, 0, 0, 1, 2850.32, 8188192, 27
2980, 2327, 0, 1, 0, 0, 0.08%, 0, 0, 1, 2804.63, 8202164, 27
2986, 2331, 0, 1, 0, 0, 0.08%, 0, 0, 1, 2825.07, 8216327, 27
2991, 2335, 0, 1, 0, 0, 0.08%, 0, 0, 1, 2844.95, 8230707, 27
2996, 2339, 0, 1, 0, 0, 0.08%, 0, 0, 1, 2815.20, 8244807, 27
3001, 2343, 0, 1, 0, 0, 0.08%, 0, 0, 1, 2861.46, 8259319, 27
3006, 2347, 0, 1, 0, 0, 0.08%, 0, 0, 1, 2696.57, 8273089, 27
3011, 2351, 0, 1, 0, 0, 0.08%, 0, 0, 1, 2686.59, 8286644, 27
3016, 2355, 0, 1, 0, 0, 0.08%, 0, 0, 1, 2784.39, 8300754, 27
3021, 2359, 0, 1, 0, 0, 0.08%, 0, 0, 1, 2845.39, 8315251, 27
3026, 2363, 0, 1, 0, 0, 0.08%, 0, 0, 1, 2828.63, 8329575, 27
3031, 2367, 0, 1, 0, 0, 0.08%, 0, 0, 1, 2819.40, 8343675, 27
3036, 2371, 0, 1, 0, 0, 0.08%, 0, 0, 1, 2822.73, 8357999, 27
3041, 2375, 0, 1, 0, 0, 0.08%, 0, 0, 1, 2822.15, 8372210, 27
3046, 2379, 0, 1, 0, 0, 0.08%, 0, 0, 1, 2799.30, 8386234, 27
3051, 2383, 0, 1, 0, 0, 0.08%, 0, 0, 1, 2829.35, 8400466, 27
3056, 2387, 0, 1, 0, 0, 0.08%, 0, 0, 1, 2795.01, 8414434, 27
3061, 2391, 0, 1, 0, 0, 0.08%, 0, 0, 1, 2850.47, 8428896, 27
3066, 2394, 0, 1, 0, 0, 0.08%, 0, 0, 1, 796.84, 8440920, 27
3072, 2398, 0, 1, 0, 0, 0.08%, 0, 0, 1, 2037.47, 8452132, 27
3077, 2402, 0, 1, 0, 0, 0.08%, 0, 0, 1, 2676.88, 8466737, 27
3082, 2406, 0, 1, 0, 0, 0.08%, 0, 0, 1, 2817.87, 8481428, 27
3087, 2410, 0, 1, 0, 0, 0.08%, 0, 0, 1, 2840.56, 8495641, 27
3092, 2414, 0, 1, 0, 0, 0.08%, 0, 0, 1, 2854.51, 8510142, 27
3097, 2418, 0, 1, 0, 0, 0.08%, 0, 0, 1, 2875.50, 8524698, 27
3102, 2422, 0, 1, 0, 0, 0.08%, 0, 0, 1, 2764.82, 8538214, 27
3107, 2426, 0, 1, 0, 0, 0.08%, 0, 0, 1, 2782.21, 8552314, 27
3112, 2430, 0, 1, 0, 0, 0.08%, 0, 0, 1, 2774.27, 8566139, 27
3117, 2434, 0, 1, 0, 0, 0.08%, 0, 0, 1, 2792.87, 8580184, 27
3122, 2438, 0, 1, 0, 0, 0.08%, 0, 0, 1, 2789.89, 8594154, 27
3127, 2442, 0, 1, 0, 0, 0.08%, 0, 0, 1, 2783.31, 8608089, 27
3132, 2446, 0, 1, 0, 0, 0.08%, 0, 0, 1, 2797.30, 8622189, 27
3137, 2450, 0, 1, 0, 0, 0.08%, 0, 0, 1, 2845.89, 8636641, 27
3142, 2454, 0, 1, 0, 0, 0.08%, 0, 0, 1, 2839.85, 8651077, 27
3147, 2458, 0, 1, 0, 0, 0.08%, 0, 0, 1, 2817.35, 8665345, 27
3152, 2462, 0, 1, 0, 0, 0.08%, 0, 0, 1, 2831.39, 8679725, 27
3157, 2466, 0, 1, 0, 0, 0.08%, 0, 0, 1, 2803.96, 8693825, 27
3162, 2470, 0, 1, 0, 0, 0.08%, 0, 0, 1, 2836.90, 8708149, 27
3168, 2474, 0, 1, 0, 0, 0.08%, 0, 0, 1, 2846.47, 8722976, 27
3173, 2478, 0, 1, 0, 0, 0.08%, 0, 0, 1, 2832.16, 8737244, 27
3178, 2482, 0, 1, 0, 0, 0.08%, 0, 0, 1, 2848.37, 8751512, 27
3183, 2487, 0, 1, 0, 0, 0.08%, 0, 0, 1, 2882.45, 8766007, 27
3188, 2491, 0, 1, 0, 0, 0.08%, 0, 0, 1, 2844.41, 8780383, 27
3193, 2495, 0, 1, 0, 0, 0.08%, 0, 0, 1, 2880.79, 8794948, 27
3198, 2499, 0, 1, 0, 0, 0.08%, 0, 0, 1, 2855.78, 8809219, 27
3203, 2503, 0, 1, 0, 0, 0.08%, 0, 0, 1, 2855.72, 8823525, 27
3208, 2507, 0, 1, 0, 0, 0.08%, 0, 0, 1, 2867.17, 8837967, 27
3213, 2511, 0, 1, 0, 0, 0.08%, 0, 0, 1, 2858.95, 8852352, 27
3218, 2515, 0, 1, 0, 0, 0.08%, 0, 0, 1, 2895.40, 8867003, 27
3223, 2519, 0, 1, 0, 0, 0.08%, 0, 0, 1, 2858.96, 8881385, 27
3228, 2523, 0, 1, 0, 0, 0.08%, 0, 0, 1, 2861.00, 8895656, 27
3233, 2527, 0, 1, 0, 0, 0.08%, 0, 0, 1, 2858.96, 8909984, 27
3238, 2531, 0, 1, 0, 0, 0.08%, 0, 0, 1, 2839.45, 8924349, 27
3243, 2536, 0, 1, 0, 0, 0.08%, 0, 0, 1, 2852.67, 8938732, 27
3248, 2540, 0, 1, 0, 0, 0.08%, 0, 0, 1, 2841.89, 8952940, 27
3253, 2544, 0, 1, 0, 0, 0.08%, 0, 0, 1, 2842.25, 8967320, 27
3259, 2548, 0, 1, 0, 0, 0.08%, 0, 0, 1, 2832.26, 8981644, 27
3264, 2552, 0, 1, 0, 0, 0.08%, 0, 0, 1, 2813.90, 8995968, 27
3269, 2556, 0, 1, 0, 0, 0.08%, 0, 0, 1, 2783.00, 9009994, 27
3274, 2560, 0, 1, 0, 0, 0.08%, 0, 0, 1, 2813.09, 9024278, 27
3279, 2564, 0, 1, 0, 0, 0.08%, 0, 0, 1, 2837.75, 9038603, 27
3284, 2568, 0, 1, 0, 0, 0.08%, 0, 0, 1, 2815.36, 9052759, 27
3289, 2572, 0, 1, 0, 0, 0.08%, 0, 0, 1, 2820.20, 9067027, 27
3294, 2576, 0, 1, 0, 0, 0.08%, 0, 0, 1, 2730.97, 9080841, 27
3299, 2580, 0, 1, 0, 0, 0.08%, 0, 0, 1, 2823.58, 9095115, 27
3304, 2584, 0, 1, 0, 0, 0.08%, 0, 0, 1, 2810.41, 9109383, 27
3309, 2588, 0, 1, 0, 0, 0.08%, 0, 0, 1, 2808.90, 9123483, 27
3314, 2592, 0, 1, 0, 0, 0.08%, 0, 0, 1, 2790.96, 9137415, 27
3319, 2596, 0, 1, 0, 0, 0.08%, 0, 0, 1, 2739.55, 9151178, 27
3324, 2599, 0, 1, 0, 0, 0.08%, 0, 0, 1, 2484.19, 9163860, 27
3329, 2603, 0, 1, 0, 0, 0.08%, 0, 0, 1, 2636.78, 9177133, 27
3334, 2607, 0, 1, 0, 0, 0.08%, 0, 0, 1, 2747.65, 9191184, 27
3339, 2611, 0, 1, 0, 0, 0.08%, 0, 0, 1, 2729.24, 9204594, 27
3344, 2615, 0, 1, 0, 0, 0.08%, 0, 0, 1, 2820.14, 9218826, 27
3349, 2619, 0, 1, 0, 0, 0.08%, 0, 0, 1, 2855.75, 9233166, 27
3354, 2623, 0, 1, 0, 0, 0.08%, 0, 0, 1, 2777.47, 9247124, 27
3359, 2627, 0, 1, 0, 0, 0.08%, 0, 0, 1, 2806.11, 9261462, 27
3364, 2631, 0, 1, 0, 0, 0.08%, 0, 0, 1, 2806.85, 9275784, 27
3369, 2635, 0, 1, 0, 0, 0.08%, 0, 0, 1, 2749.10, 9289626, 27
3374, 2639, 0, 1, 0, 0, 0.08%, 0, 0, 1, 2775.83, 9303524, 27
3379, 2643, 0, 1, 0, 0, 0.08%, 0, 0, 1, 2796.28, 9317569, 27
3385, 2647, 0, 1, 0, 0, 0.08%, 0, 0, 1, 2778.61, 9331614, 27
3390, 2651, 0, 1, 0, 0, 0.08%, 0, 0, 1, 2856.66, 9346062, 27
3395, 2655, 0, 1, 0, 0, 0.08%, 0, 0, 1, 2853.56, 9360557, 27
3400, 2659, 0, 1, 0, 0, 0.08%, 0, 0, 1, 2775.66, 9374539, 27
3405, 2663, 0, 1, 0, 0, 0.08%, 0, 0, 1, 2625.23, 9387458, 27
3410, 2667, 0, 1, 0, 0, 0.08%, 0, 0, 1, 2823.06, 9401902, 27
3415, 2671, 0, 1, 0, 0, 0.08%, 0, 0, 1, 2849.12, 9416338, 27
3420, 2675, 0, 1, 0, 0, 0.08%, 0, 0, 1, 2784.28, 9430534, 27
3425, 2679, 0, 1, 0, 0, 0.08%, 0, 0, 1, 2826.53, 9444874, 27
3430, 2683, 0, 1, 0, 0, 0.08%, 0, 0, 1, 2793.89, 9458806, 27
3435, 2687, 0, 1, 0, 0, 0.08%, 0, 0, 1, 2819.62, 9473018, 27
3440, 2691, 0, 1, 0, 0, 0.08%, 0, 0, 1, 2853.09, 9487457, 27
3445, 2695, 0, 1, 0, 0, 0.08%, 0, 0, 1, 2866.12, 9501842, 27
3450, 2699, 0, 1, 0, 0, 0.08%, 0, 0, 1, 2847.02, 9516227, 27
3455, 2703, 0, 1, 0, 0, 0.08%, 0, 0, 1, 2815.28, 9530313, 27
3460, 2707, 0, 1, 0, 0, 0.08%, 0, 0, 1, 2786.36, 9544399, 27
3465, 2711, 0, 1, 0, 0, 0.08%, 0, 0, 1, 2805.47, 9558457, 27
3470, 2716, 0, 1, 0, 0, 0.08%, 0, 0, 1, 2834.20, 9573228, 27
3476, 2719, 0, 1, 0, 0, 0.08%, 0, 0, 1, 2589.29, 9587021, 27
3481, 2723, 0, 1, 0, 0, 0.08%, 0, 0, 1, 2729.20, 9600839, 27
3486, 2727, 0, 1, 0, 0, 0.08%, 0, 0, 1, 2833.40, 9615137, 27
3491, 2732, 0, 1, 0, 0, 0.08%, 0, 0, 1, 2824.57, 9629460, 27
3496, 2736, 0, 1, 0, 0, 0.08%, 0, 0, 1, 2829.33, 9643728, 27
3501, 2740, 0, 1, 0, 0, 0.08%, 0, 0, 1, 2878.89, 9658231, 27
3506, 2744, 0, 1, 0, 0, 0.08%, 0, 0, 1, 2879.93, 9672673, 27
3511, 2748, 0, 1, 0, 0, 0.08%, 0, 0, 1, 2855.26, 9687036, 27
3516, 2752, 0, 1, 0, 0, 0.08%, 0, 0, 1, 2858.78, 9701535, 27
3521, 2756, 0, 1, 0, 0, 0.08%, 0, 0, 1, 2799.82, 9715627, 27
3526, 2760, 0, 1, 0, 0, 0.08%, 0, 0, 1, 2712.55, 9729238, 27
3531, 2763, 0, 1, 0, 0, 0.08%, 0, 0, 1, 2582.34, 9741998, 27
3536, 2767, 0, 1, 0, 0, 0.08%, 0, 0, 1, 2357.49, 9753813, 27
3541, 2769, 0, 1, 0, 0, 0.08%, 0, 0, 1, 2033.74, 9762842, 27
3546, 2772, 0, 1, 0, 0, 0.08%, 0, 0, 1, 2071.82, 9772727, 27
3551, 2775, 0, 1, 0, 0, 0.08%, 0, 0, 1, 1623.77, 9781171, 27
3557, 2778, 0, 1, 0, 0, 0.08%, 0, 0, 1, 2113.85, 9792813, 27
3562, 2780, 0, 1, 0, 0, 0.08%, 0, 0, 1, 1692.20, 9800538, 27
3567, 2783, 0, 1, 0, 0, 0.08%, 0, 0, 1, 2109.15, 9811775, 27
3572, 2787, 0, 1, 0, 0, 0.08%, 0, 0, 1, 2306.49, 9823369, 27
3577, 2790, 0, 1, 0, 0, 0.08%, 0, 0, 1, 2417.83, 9835960, 27
3582, 2794, 0, 1, 0, 0, 0.08%, 0, 0, 1, 2465.65, 9848297, 27
3587, 2797, 0, 1, 0, 0, 0.08%, 0, 0, 1, 2596.77, 9861950, 27
3592, 2801, 0, 1, 0, 0, 0.08%, 0, 0, 1, 2454.41, 9874147, 27
3597, 2805, 0, 1, 0, 0, 0.08%, 0, 0, 1, 2533.99, 9887079, 27
3602, 2808, 0, 1, 0, 0, 0.08%, 0, 0, 1, 2578.96, 9900113, 27
3608, 2812, 0, 1, 0, 0, 0.08%, 0, 0, 1, 2590.84, 9913548, 27
3613, 2816, 0, 1, 0, 0, 0.08%, 0, 0, 1, 2613.62, 9926678, 27
3618, 2820, 0, 1, 0, 0, 0.08%, 0, 0, 1, 2621.84, 9939760, 27
3623, 2823, 0, 1, 0, 0, 0.08%, 0, 0, 1, 2582.58, 9952580, 27
3628, 2827, 0, 1, 0, 0, 0.08%, 0, 0, 1, 2577.64, 9965556, 27
3633, 2831, 0, 1, 0, 0, 0.08%, 0, 0, 1, 2623.60, 9979263, 27
3638, 2834, 0, 1, 0, 0, 0.08%, 0, 0, 1, 2551.70, 9992375, 27
3643, 2838, 0, 1, 0, 0, 0.08%, 0, 0, 1, 2594.95, 10005560, 27
3648, 2842, 0, 1, 0, 0, 0.08%, 0, 0, 1, 2592.39, 10019094, 27
3653, 2846, 0, 1, 0, 0, 0.08%, 0, 0, 1, 2496.92, 10031754, 27
3658, 2849, 0, 1, 0, 0, 0.08%, 0, 0, 1, 2488.16, 10044033, 27
3664, 2853, 0, 1, 0, 0, 0.08%, 0, 0, 1, 2463.70, 10056566, 27
3669, 2857, 0, 1, 0, 0, 0.08%, 0, 0, 1, 2609.22, 10070133, 27
3674, 2860, 0, 1, 0, 0, 0.08%, 0, 0, 1, 2599.04, 10083214, 27
3679, 2864, 0, 1, 0, 0, 0.08%, 0, 0, 1, 2629.22, 10096867, 27
3684, 2868, 0, 1, 0, 0, 0.08%, 0, 0, 1, 2628.93, 10110083, 27
3689, 2872, 0, 1, 0, 0, 0.08%, 0, 0, 1, 2625.25, 10123268, 27
3694, 2875, 0, 1, 0, 0, 0.08%, 0, 0, 1, 2641.26, 10136973, 27
3699, 2879, 0, 1, 0, 0, 0.08%, 0, 0, 1, 2548.01, 10150286, 27
3705, 2883, 0, 1, 0, 0, 0.08%, 0, 0, 1, 2613.39, 10163894, 27
3710, 2887, 0, 1, 0, 0, 0.08%, 0, 0, 1, 2636.57, 10177058, 27
3715, 2891, 0, 1, 0, 0, 0.08%, 0, 0, 1, 2630.59, 10190295, 27
3720, 2894, 0, 1, 0, 0, 0.08%, 0, 0, 1, 2631.66, 10203978, 27
3725, 2898, 0, 1, 0, 0, 0.08%, 0, 0, 1, 2592.90, 10217006, 27
3730, 2902, 0, 1, 0, 0, 0.08%, 0, 0, 1, 2608.40, 10230089, 27
3735, 2906, 0, 1, 0, 0, 0.08%, 0, 0, 1, 2577.93, 10242958, 27
3740, 2909, 0, 1, 0, 0, 0.08%, 0, 0, 1, 2626.59, 10256095, 27
3745, 2913, 0, 1, 0, 0, 0.08%, 0, 0, 1, 2635.68, 10269384, 27
3750, 2917, 0, 1, 0, 0, 0.08%, 0, 0, 1, 2634.57, 10282517, 27
3755, 2921, 0, 1, 0, 0, 0.08%, 0, 0, 1, 2650.48, 10295837, 27
3760, 2924, 0, 1, 0, 0, 0.08%, 0, 0, 1, 2631.43, 10309031, 27
3765, 2928, 0, 1, 0, 0, 0.08%, 0, 0, 1, 2630.73, 10322623, 27
3770, 2932, 0, 1, 0, 0, 0.08%, 0, 0, 1, 2489.80, 10335139, 27
3775, 2935, 0, 1, 0, 0, 0.08%, 0, 0, 1, 2481.17, 10347378, 27
3780, 2939, 0, 1, 0, 0, 0.08%, 0, 0, 1, 2582.78, 10360713, 27
3785, 2943, 0, 1, 0, 0, 0.08%, 0, 0, 1, 2630.08, 10373959, 27
3788, 2944, 0, 1, 0, 0, 0.08%, 0, 0, 1, 2385.72, 10379847, 27
