# unix_time, cycles_done, cur_path, paths_total, pending_total, pending_favs, map_size, unique_crashes, unique_hangs, max_depth, execs_per_sec
1669777232, 0, 0, 30, 30, 1, 0.06%, 0, 0, 1, 2123.89
1669777237, 1, 28, 30, 23, 0, 0.06%, 0, 0, 1, 2459.34
1669777242, 3, 5, 30, 16, 0, 0.06%, 0, 0, 1, 2622.89
1669777247, 5, 27, 30, 9, 0, 0.06%, 0, 0, 1, 2536.99
1669777253, 11, 9, 30, 4, 0, 0.06%, 0, 0, 1, 2664.48
1669777258, 18, 19, 30, 0, 0, 0.06%, 0, 0, 1, 2794.55
1669777263, 34, 12, 30, 0, 0, 0.06%, 0, 0, 1, 2811.05
1669777268, 47, 20, 30, 0, 0, 0.06%, 0, 0, 1, 2745.13
1669777273, 56, 17, 30, 0, 0, 0.06%, 0, 0, 1, 2777.14
1669777278, 75, 27, 30, 0, 0, 0.06%, 0, 0, 1, 2713.53
1669777284, 96, 2, 30, 0, 0, 0.06%, 0, 0, 1, 2785.35
1669777289, 110, 7, 30, 0, 0, 0.06%, 0, 0, 1, 2817.87
1669777294, 126, 13, 30, 0, 0, 0.06%, 0, 0, 1, 2756.98
1669777299, 139, 29, 30, 0, 0, 0.06%, 0, 0, 1, 2767.77
1669777304, 151, 25, 30, 0, 0, 0.06%, 0, 0, 1, 2827.55
1669777309, 168, 27, 30, 0, 0, 0.06%, 0, 0, 1, 2841.14
1669777314, 179, 9, 30, 0, 0, 0.06%, 0, 0, 1, 2885.06
1669777319, 190, 28, 30, 0, 0, 0.06%, 0, 0, 1, 2855.96
1669777325, 201, 27, 30, 0, 0, 0.06%, 0, 0, 1, 2824.91
1669777330, 214, 25, 30, 0, 0, 0.06%, 0, 0, 1, 2856.80
1669777335, 227, 25, 30, 0, 0, 0.06%, 0, 0, 1, 2840.53
1669777340, 242, 29, 30, 0, 0, 0.06%, 0, 0, 1, 2867.15
1669777345, 253, 27, 30, 0, 0, 0.06%, 0, 0, 1, 2862.16
1669777350, 264, 22, 30, 0, 0, 0.06%, 0, 0, 1, 2802.36
1669777355, 279, 16, 30, 0, 0, 0.06%, 0, 0, 1, 2841.84
1669777361, 289, 24, 30, 0, 0, 0.06%, 0, 0, 1, 2853.45
1669777366, 304, 20, 30, 0, 0, 0.06%, 0, 0, 1, 2868.96
1669777371, 318, 14, 30, 0, 0, 0.06%, 0, 0, 1, 2861.03
1669777376, 330, 9, 30, 0, 0, 0.06%, 0, 0, 1, 2829.97
1669777381, 342, 19, 30, 0, 0, 0.06%, 0, 0, 1, 2823.63
1669777386, 356, 27, 30, 0, 0, 0.06%, 0, 0, 1, 2750.57
1669777392, 376, 27, 30, 0, 0, 0.06%, 0, 0, 1, 2761.87
1669777397, 389, 14, 30, 0, 0, 0.06%, 0, 0, 1, 2802.56
1669777402, 400, 18, 30, 0, 0, 0.06%, 0, 0, 1, 2790.05
1669777407, 414, 19, 30, 0, 0, 0.06%, 0, 0, 1, 2768.40
1669777412, 431, 21, 30, 0, 0, 0.06%, 0, 0, 1, 2740.77
1669777417, 443, 16, 30, 0, 0, 0.06%, 0, 0, 1, 2758.51
1669777422, 459, 17, 30, 0, 0, 0.06%, 0, 0, 1, 2750.69
1669777427, 474, 25, 30, 0, 0, 0.06%, 0, 0, 1, 2722.62
1669777433, 485, 12, 30, 0, 0, 0.06%, 0, 0, 1, 2676.89
1669777438, 500, 10, 30, 0, 0, 0.06%, 0, 0, 1, 2655.22
1669777443, 511, 27, 30, 0, 0, 0.06%, 0, 0, 1, 2795.00
1669777448, 529, 24, 30, 0, 0, 0.06%, 0, 0, 1, 2833.30
1669777453, 545, 27, 30, 0, 0, 0.06%, 0, 0, 1, 2848.86
1669777459, 562, 28, 30, 0, 0, 0.06%, 0, 0, 1, 2756.99
1669777464, 574, 27, 30, 0, 0, 0.06%, 0, 0, 1, 2745.34
1669777469, 586, 5, 30, 0, 0, 0.06%, 0, 0, 1, 2794.39
1669777474, 603, 15, 30, 0, 0, 0.06%, 0, 0, 1, 2797.87
1669777479, 617, 9, 30, 0, 0, 0.06%, 0, 0, 1, 2791.44
1669777484, 632, 14, 30, 0, 0, 0.06%, 0, 0, 1, 2807.76
1669777490, 646, 21, 30, 0, 0, 0.06%, 0, 0, 1, 2798.09
1669777495, 662, 0, 30, 0, 0, 0.06%, 0, 0, 1, 2794.74
1669777500, 675, 28, 30, 0, 0, 0.06%, 0, 0, 1, 2799.33
1669777505, 688, 3, 30, 0, 0, 0.06%, 0, 0, 1, 2760.30
1669777510, 701, 24, 30, 0, 0, 0.06%, 0, 0, 1, 2787.74
1669777515, 712, 13, 30, 0, 0, 0.06%, 0, 0, 1, 2789.25
1669777520, 725, 22, 30, 0, 0, 0.06%, 0, 0, 1, 2816.41
1669777526, 737, 3, 30, 0, 0, 0.06%, 0, 0, 1, 2739.73
1669777531, 749, 27, 30, 0, 0, 0.06%, 0, 0, 1, 2800.64
1669777536, 763, 23, 30, 0, 0, 0.06%, 0, 0, 1, 2784.02
1669777541, 774, 26, 30, 0, 0, 0.06%, 0, 0, 1, 2798.55
1669777546, 790, 7, 30, 0, 0, 0.06%, 0, 0, 1, 2774.24
1669777551, 805, 22, 30, 0, 0, 0.06%, 0, 0, 1, 2803.84
1669777557, 820, 27, 30, 0, 0, 0.06%, 0, 0, 1, 2831.43
1669777562, 832, 20, 30, 0, 0, 0.06%, 0, 0, 1, 2848.57
1669777567, 842, 27, 30, 0, 0, 0.06%, 0, 0, 1, 2763.46
1669777572, 856, 22, 30, 0, 0, 0.06%, 0, 0, 1, 2759.05
1669777577, 871, 3, 30, 0, 0, 0.06%, 0, 0, 1, 2772.85
1669777582, 884, 17, 30, 0, 0, 0.06%, 0, 0, 1, 2813.32
1669777587, 895, 27, 30, 0, 0, 0.06%, 0, 0, 1, 2811.26
1669777593, 907, 26, 30, 0, 0, 0.06%, 0, 0, 1, 2812.45
1669777598, 924, 5, 30, 0, 0, 0.06%, 0, 0, 1, 2779.20
1669777603, 938, 27, 30, 0, 0, 0.06%, 0, 0, 1, 2812.97
1669777608, 952, 7, 30, 0, 0, 0.06%, 0, 0, 1, 2798.88
1669777613, 967, 26, 30, 0, 0, 0.06%, 0, 0, 1, 2849.31
1669777618, 983, 9, 30, 0, 0, 0.06%, 0, 0, 1, 2786.84
1669777623, 994, 27, 30, 0, 0, 0.06%, 0, 0, 1, 2745.55
1669777629, 1008, 27, 30, 0, 0, 0.06%, 0, 0, 1, 2793.78
1669777634, 1022, 19, 30, 0, 0, 0.06%, 0, 0, 1, 2805.92
1669777639, 1034, 0, 30, 0, 0, 0.06%, 0, 0, 1, 2828.25
1669777644, 1047, 7, 30, 0, 0, 0.06%, 0, 0, 1, 2811.73
1669777649, 1061, 3, 30, 0, 0, 0.06%, 0, 0, 1, 2795.43
1669777654, 1078, 27, 30, 0, 0, 0.06%, 0, 0, 1, 2788.63
1669777659, 1094, 8, 30, 0, 0, 0.06%, 0, 0, 1, 2700.49
1669777664, 1109, 27, 30, 0, 0, 0.06%, 0, 0, 1, 2844.50
1669777670, 1123, 5, 30, 0, 0, 0.06%, 0, 0, 1, 2867.22
1669777675, 1136, 10, 30, 0, 0, 0.06%, 0, 0, 1, 2827.62
1669777680, 1145, 27, 30, 0, 0, 0.06%, 0, 0, 1, 2840.33
1669777685, 1161, 27, 30, 0, 0, 0.06%, 0, 0, 1, 2802.97
1669777690, 1175, 21, 30, 0, 0, 0.06%, 0, 0, 1, 2813.49
1669777695, 1196, 27, 30, 0, 0, 0.06%, 0, 0, 1, 2792.92
1669777700, 1215, 28, 30, 0, 0, 0.06%, 0, 0, 1, 2840.72
1669777706, 1226, 10, 30, 0, 0, 0.06%, 0, 0, 1, 2812.39
1669777711, 1242, 8, 30, 0, 0, 0.06%, 0, 0, 1, 2829.44
1669777716, 1255, 23, 30, 0, 0, 0.06%, 0, 0, 1, 2792.24
1669777721, 1270, 27, 30, 0, 0, 0.06%, 0, 0, 1, 2731.96
1669777726, 1285, 2, 30, 0, 0, 0.06%, 0, 0, 1, 2840.74
1669777731, 1296, 21, 30, 0, 0, 0.06%, 0, 0, 1, 2853.03
1669777736, 1311, 27, 30, 0, 0, 0.06%, 0, 0, 1, 2873.64
1669777741, 1326, 27, 30, 0, 0, 0.06%, 0, 0, 1, 2832.43
1669777746, 1341, 9, 30, 0, 0, 0.06%, 0, 0, 1, 2827.66
1669777752, 1354, 26, 30, 0, 0, 0.06%, 0, 0, 1, 2844.75
1669777757, 1365, 27, 30, 0, 0, 0.06%, 0, 0, 1, 2823.61
1669777762, 1382, 7, 30, 0, 0, 0.06%, 0, 0, 1, 2832.98
1669777767, 1394, 10, 30, 0, 0, 0.06%, 0, 0, 1, 2863.06
1669777772, 1408, 5, 30, 0, 0, 0.06%, 0, 0, 1, 2885.89
1669777777, 1420, 27, 30, 0, 0, 0.06%, 0, 0, 1, 2859.10
1669777782, 1437, 3, 30, 0, 0, 0.06%, 0, 0, 1, 2838.87
1669777788, 1453, 27, 30, 0, 0, 0.06%, 0, 0, 1, 2855.65
1669777793, 1470, 9, 30, 0, 0, 0.06%, 0, 0, 1, 2846.45
1669777798, 1483, 0, 30, 0, 0, 0.06%, 0, 0, 1, 2868.07
1669777803, 1494, 29, 30, 0, 0, 0.06%, 0, 0, 1, 2821.98
1669777808, 1512, 25, 30, 0, 0, 0.06%, 0, 0, 1, 2840.81
1669777813, 1526, 26, 30, 0, 0, 0.06%, 0, 0, 1, 2886.16
1669777819, 1540, 4, 30, 0, 0, 0.06%, 0, 0, 1, 2905.08
1669777824, 1553, 2, 30, 0, 0, 0.06%, 0, 0, 1, 2820.14
1669777829, 1568, 19, 30, 0, 0, 0.06%, 0, 0, 1, 2843.37
1669777834, 1581, 2, 30, 0, 0, 0.06%, 0, 0, 1, 2828.68
1669777839, 1599, 28, 30, 0, 0, 0.06%, 0, 0, 1, 2839.80
1669777844, 1618, 8, 30, 0, 0, 0.06%, 0, 0, 1, 2841.05
1669777849, 1630, 5, 30, 0, 0, 0.06%, 0, 0, 1, 2880.57
1669777855, 1644, 3, 30, 0, 0, 0.06%, 0, 0, 1, 2862.73
1669777860, 1656, 11, 30, 0, 0, 0.06%, 0, 0, 1, 2852.89
1669777865, 1669, 24, 30, 0, 0, 0.06%, 0, 0, 1, 2883.29
1669777870, 1685, 29, 30, 0, 0, 0.06%, 0, 0, 1, 2912.90
1669777875, 1699, 19, 30, 0, 0, 0.06%, 0, 0, 1, 2878.12
1669777880, 1710, 0, 30, 0, 0, 0.06%, 0, 0, 1, 2837.62
1669777885, 1724, 14, 30, 0, 0, 0.06%, 0, 0, 1, 2820.40
1669777890, 1735, 21, 30, 0, 0, 0.06%, 0, 0, 1, 2829.67
1669777896, 1747, 11, 30, 0, 0, 0.06%, 0, 0, 1, 2847.03
1669777901, 1758, 27, 30, 0, 0, 0.06%, 0, 0, 1, 2808.84
1669777906, 1775, 27, 30, 0, 0, 0.06%, 0, 0, 1, 2844.20
1669777911, 1789, 9, 30, 0, 0, 0.06%, 0, 0, 1, 2867.05
1669777916, 1805, 29, 30, 0, 0, 0.06%, 0, 0, 1, 2871.61
1669777921, 1817, 28, 30, 0, 0, 0.06%, 0, 0, 1, 2825.44
1669777927, 1829, 11, 30, 0, 0, 0.06%, 0, 0, 1, 2832.61
1669777932, 1849, 10, 30, 0, 0, 0.06%, 0, 0, 1, 2852.50
1669777937, 1865, 2, 30, 0, 0, 0.06%, 0, 0, 1, 2852.76
1669777942, 1879, 26, 30, 0, 0, 0.06%, 0, 0, 1, 2856.81
1669777947, 1895, 3, 30, 0, 0, 0.06%, 0, 0, 1, 2838.53
1669777952, 1907, 27, 30, 0, 0, 0.06%, 0, 0, 1, 2842.74
1669777958, 1919, 27, 30, 0, 0, 0.06%, 0, 0, 1, 2806.65
1669777963, 1940, 28, 30, 0, 0, 0.06%, 0, 0, 1, 2857.47
1669777968, 1951, 7, 30, 0, 0, 0.06%, 0, 0, 1, 2848.84
1669777973, 1964, 10, 30, 0, 0, 0.06%, 0, 0, 1, 2861.23
1669777978, 1979, 22, 30, 0, 0, 0.06%, 0, 0, 1, 2820.42
1669777983, 1989, 5, 30, 0, 0, 0.06%, 0, 0, 1, 2847.84
1669777988, 2005, 14, 30, 0, 0, 0.06%, 0, 0, 1, 2870.33
1669777993, 2018, 27, 30, 0, 0, 0.06%, 0, 0, 1, 2809.37
1669777999, 2032, 28, 30, 0, 0, 0.06%, 0, 0, 1, 2668.99
1669778004, 2043, 27, 30, 0, 0, 0.06%, 0, 0, 1, 2763.15
1669778009, 2056, 27, 30, 0, 0, 0.06%, 0, 0, 1, 2531.48
1669778014, 2067, 27, 30, 0, 0, 0.06%, 0, 0, 1, 2617.73
1669778019, 2081, 11, 30, 0, 0, 0.06%, 0, 0, 1, 2562.18
1669778024, 2097, 20, 30, 0, 0, 0.06%, 0, 0, 1, 2784.95
1669778029, 2110, 27, 30, 0, 0, 0.06%, 0, 0, 1, 2839.62
1669778035, 2123, 27, 30, 0, 0, 0.06%, 0, 0, 1, 2756.27
1669778040, 2137, 17, 30, 0, 0, 0.06%, 0, 0, 1, 2587.67
1669778045, 2154, 27, 30, 0, 0, 0.06%, 0, 0, 1, 2779.24
1669778050, 2167, 28, 30, 0, 0, 0.06%, 0, 0, 1, 2855.23
1669778055, 2181, 18, 30, 0, 0, 0.06%, 0, 0, 1, 2877.69
1669778060, 2197, 17, 30, 0, 0, 0.06%, 0, 0, 1, 2720.12
1669778065, 2210, 10, 30, 0, 0, 0.06%, 0, 0, 1, 2807.58
1669778071, 2223, 28, 30, 0, 0, 0.06%, 0, 0, 1, 2792.30
1669778076, 2237, 9, 30, 0, 0, 0.06%, 0, 0, 1, 2826.67
1669778081, 2247, 15, 30, 0, 0, 0.06%, 0, 0, 1, 2838.50
1669778086, 2261, 0, 30, 0, 0, 0.06%, 0, 0, 1, 2851.84
1669778091, 2274, 27, 30, 0, 0, 0.06%, 0, 0, 1, 2857.36
1669778096, 2289, 20, 30, 0, 0, 0.06%, 0, 0, 1, 2708.61
1669778101, 2300, 15, 30, 0, 0, 0.06%, 0, 0, 1, 2797.31
1669778107, 2312, 7, 30, 0, 0, 0.06%, 0, 0, 1, 2786.55
1669778112, 2325, 18, 30, 0, 0, 0.06%, 0, 0, 1, 2687.47
1669778117, 2329, 29, 30, 0, 0, 0.06%, 0, 0, 1, 2641.67
1669778122, 2343, 8, 30, 0, 0, 0.06%, 0, 0, 1, 2690.88
1669778127, 2359, 12, 30, 0, 0, 0.06%, 0, 0, 1, 2701.68
1669778132, 2370, 12, 30, 0, 0, 0.06%, 0, 0, 1, 2641.21
1669778137, 2386, 20, 30, 0, 0, 0.06%, 0, 0, 1, 2792.85
1669778143, 2402, 28, 30, 0, 0, 0.06%, 0, 0, 1, 2851.58
1669778148, 2419, 1, 30, 0, 0, 0.06%, 0, 0, 1, 2739.58
1669778153, 2433, 15, 30, 0, 0, 0.06%, 0, 0, 1, 2765.98
1669778158, 2448, 4, 30, 0, 0, 0.06%, 0, 0, 1, 2733.38
1669778163, 2461, 13, 30, 0, 0, 0.06%, 0, 0, 1, 2797.89
1669778168, 2473, 27, 30, 0, 0, 0.06%, 0, 0, 1, 2829.18
1669778174, 2491, 6, 30, 0, 0, 0.06%, 0, 0, 1, 2735.95
1669778179, 2505, 27, 30, 0, 0, 0.06%, 0, 0, 1, 2750.35
1669778184, 2521, 10, 30, 0, 0, 0.06%, 0, 0, 1, 2706.57
1669778189, 2532, 27, 30, 0, 0, 0.06%, 0, 0, 1, 2795.51
1669778194, 2550, 20, 30, 0, 0, 0.06%, 0, 0, 1, 2836.24
1669778199, 2564, 27, 30, 0, 0, 0.06%, 0, 0, 1, 2852.64
1669778205, 2578, 9, 30, 0, 0, 0.06%, 0, 0, 1, 2821.22
1669778210, 2593, 27, 30, 0, 0, 0.06%, 0, 0, 1, 2822.25
1669778215, 2605, 24, 30, 0, 0, 0.06%, 0, 0, 1, 2847.24
1669778220, 2618, 12, 30, 0, 0, 0.06%, 0, 0, 1, 2833.46
1669778225, 2636, 19, 30, 0, 0, 0.06%, 0, 0, 1, 2828.85
1669778230, 2650, 17, 30, 0, 0, 0.06%, 0, 0, 1, 2833.82
1669778236, 2668, 27, 30, 0, 0, 0.06%, 0, 0, 1, 2832.77
1669778241, 2680, 27, 30, 0, 0, 0.06%, 0, 0, 1, 2833.41
1669778246, 2694, 17, 30, 0, 0, 0.06%, 0, 0, 1, 2860.86
1669778251, 2713, 1, 30, 0, 0, 0.06%, 0, 0, 1, 2864.17
1669778256, 2728, 5, 30, 0, 0, 0.06%, 0, 0, 1, 2807.35
1669778261, 2743, 2, 30, 0, 0, 0.06%, 0, 0, 1, 2780.43
1669778266, 2758, 24, 30, 0, 0, 0.06%, 0, 0, 1, 2766.86
1669778272, 2776, 4, 30, 0, 0, 0.06%, 0, 0, 1, 2856.34
1669778277, 2794, 23, 30, 0, 0, 0.06%, 0, 0, 1, 2715.04
1669778282, 2807, 2, 30, 0, 0, 0.06%, 0, 0, 1, 2589.06
1669778287, 2821, 11, 30, 0, 0, 0.06%, 0, 0, 1, 2761.52
1669778292, 2834, 18, 30, 0, 0, 0.06%, 0, 0, 1, 2817.98
1669778297, 2847, 18, 30, 0, 0, 0.06%, 0, 0, 1, 2855.71
1669778302, 2865, 2, 30, 0, 0, 0.06%, 0, 0, 1, 2848.39
1669778307, 2878, 6, 30, 0, 0, 0.06%, 0, 0, 1, 2796.95
1669778312, 2889, 26, 30, 0, 0, 0.06%, 0, 0, 1, 2837.28
1669778318, 2899, 22, 30, 0, 0, 0.06%, 0, 0, 1, 2818.57
1669778323, 2914, 27, 30, 0, 0, 0.06%, 0, 0, 1, 2815.40
1669778328, 2926, 26, 30, 0, 0, 0.06%, 0, 0, 1, 2853.33
1669778333, 2937, 16, 30, 0, 0, 0.06%, 0, 0, 1, 2857.10
1669778338, 2949, 2, 30, 0, 0, 0.06%, 0, 0, 1, 2869.10
1669778343, 2964, 2, 30, 0, 0, 0.06%, 0, 0, 1, 2858.04
1669778348, 2984, 27, 30, 0, 0, 0.06%, 0, 0, 1, 2894.36
1669778353, 3000, 27, 30, 0, 0, 0.06%, 0, 0, 1, 2872.76
1669778359, 3016, 13, 30, 0, 0, 0.06%, 0, 0, 1, 2896.23
1669778364, 3032, 6, 30, 0, 0, 0.06%, 0, 0, 1, 2873.98
1669778369, 3045, 4, 30, 0, 0, 0.06%, 0, 0, 1, 2845.45
1669778374, 3054, 4, 30, 0, 0, 0.06%, 0, 0, 1, 2865.09
1669778379, 3071, 10, 30, 0, 0, 0.06%, 0, 0, 1, 2876.80
1669778384, 3084, 7, 30, 0, 0, 0.06%, 0, 0, 1, 2887.59
1669778390, 3097, 4, 30, 0, 0, 0.06%, 0, 0, 1, 2902.07
1669778395, 3109, 27, 30, 0, 0, 0.06%, 0, 0, 1, 2885.23
1669778400, 3122, 9, 30, 0, 0, 0.06%, 0, 0, 1, 2867.28
1669778405, 3139, 14, 30, 0, 0, 0.06%, 0, 0, 1, 2856.03
1669778410, 3152, 27, 30, 0, 0, 0.06%, 0, 0, 1, 2883.17
1669778415, 3166, 9, 30, 0, 0, 0.06%, 0, 0, 1, 2861.67
1669778421, 3184, 12, 30, 0, 0, 0.06%, 0, 0, 1, 2887.89
1669778426, 3196, 1, 30, 0, 0, 0.06%, 0, 0, 1, 2858.25
1669778431, 3208, 27, 30, 0, 0, 0.06%, 0, 0, 1, 2837.56
1669778436, 3220, 25, 30, 0, 0, 0.06%, 0, 0, 1, 2844.75
1669778441, 3234, 4, 30, 0, 0, 0.06%, 0, 0, 1, 2854.93
1669778446, 3250, 27, 30, 0, 0, 0.06%, 0, 0, 1, 2830.52
1669778452, 3263, 9, 30, 0, 0, 0.06%, 0, 0, 1, 2863.38
1669778457, 3277, 28, 30, 0, 0, 0.06%, 0, 0, 1, 2857.29
1669778462, 3290, 27, 30, 0, 0, 0.06%, 0, 0, 1, 2866.99
1669778467, 3301, 19, 30, 0, 0, 0.06%, 0, 0, 1, 2858.03
1669778472, 3317, 27, 30, 0, 0, 0.06%, 0, 0, 1, 2867.29
1669778477, 3332, 19, 30, 0, 0, 0.06%, 0, 0, 1, 2888.39
1669778482, 3346, 27, 30, 0, 0, 0.06%, 0, 0, 1, 2881.61
1669778487, 3363, 27, 30, 0, 0, 0.06%, 0, 0, 1, 2885.20
1669778492, 3379, 27, 30, 0, 0, 0.06%, 0, 0, 1, 2883.83
1669778498, 3395, 5, 30, 0, 0, 0.06%, 0, 0, 1, 2872.19
1669778503, 3411, 28, 30, 0, 0, 0.06%, 0, 0, 1, 2866.67
1669778508, 3425, 27, 30, 0, 0, 0.06%, 0, 0, 1, 2862.47
1669778513, 3440, 12, 30, 0, 0, 0.06%, 0, 0, 1, 2875.73
1669778518, 3455, 29, 30, 0, 0, 0.06%, 0, 0, 1, 2874.21
1669778523, 3469, 24, 30, 0, 0, 0.06%, 0, 0, 1, 2859.00
1669778529, 3484, 5, 30, 0, 0, 0.06%, 0, 0, 1, 2862.36
1669778534, 3497, 16, 30, 0, 0, 0.06%, 0, 0, 1, 2864.86
1669778539, 3512, 17, 30, 0, 0, 0.06%, 0, 0, 1, 2868.74
1669778544, 3529, 29, 30, 0, 0, 0.06%, 0, 0, 1, 2875.84
1669778549, 3544, 27, 30, 0, 0, 0.06%, 0, 0, 1, 2862.68
1669778554, 3558, 27, 30, 0, 0, 0.06%, 0, 0, 1, 2889.89
1669778560, 3575, 29, 30, 0, 0, 0.06%, 0, 0, 1, 2880.02
1669778565, 3589, 26, 30, 0, 0, 0.06%, 0, 0, 1, 2884.72
1669778570, 3601, 11, 30, 0, 0, 0.06%, 0, 0, 1, 2879.63
1669778575, 3616, 20, 30, 0, 0, 0.06%, 0, 0, 1, 2813.51
1669778580, 3629, 15, 30, 0, 0, 0.06%, 0, 0, 1, 2666.18
1669778585, 3642, 9, 30, 0, 0, 0.06%, 0, 0, 1, 2754.44
1669778590, 3655, 14, 30, 0, 0, 0.06%, 0, 0, 1, 2806.57
1669778596, 3667, 27, 30, 0, 0, 0.06%, 0, 0, 1, 2531.70
1669778601, 3679, 27, 30, 0, 0, 0.06%, 0, 0, 1, 2597.67
1669778606, 3694, 9, 30, 0, 0, 0.06%, 0, 0, 1, 2810.37
1669778611, 3710, 19, 30, 0, 0, 0.06%, 0, 0, 1, 2854.97
1669778616, 3722, 17, 30, 0, 0, 0.06%, 0, 0, 1, 2831.77
1669778621, 3734, 9, 30, 0, 0, 0.06%, 0, 0, 1, 2741.83
1669778627, 3747, 27, 30, 0, 0, 0.06%, 0, 0, 1, 2766.74
1669778632, 3762, 28, 30, 0, 0, 0.06%, 0, 0, 1, 2851.54
1669778637, 3778, 27, 30, 0, 0, 0.06%, 0, 0, 1, 2790.12
1669778642, 3793, 1, 30, 0, 0, 0.06%, 0, 0, 1, 2818.92
1669778647, 3807, 27, 30, 0, 0, 0.06%, 0, 0, 1, 2789.05
1669778652, 3821, 27, 30, 0, 0, 0.06%, 0, 0, 1, 2853.21
1669778658, 3837, 29, 30, 0, 0, 0.06%, 0, 0, 1, 2872.09
1669778663, 3854, 22, 30, 0, 0, 0.06%, 0, 0, 1, 2842.29
1669778668, 3870, 23, 30, 0, 0, 0.06%, 0, 0, 1, 2857.69
1669778673, 3880, 27, 30, 0, 0, 0.06%, 0, 0, 1, 2852.65
1669778678, 3893, 17, 30, 0, 0, 0.06%, 0, 0, 1, 2851.50
1669778683, 3907, 3, 30, 0, 0, 0.06%, 0, 0, 1, 2651.35
1669778688, 3917, 13, 30, 0, 0, 0.06%, 0, 0, 1, 2747.53
1669778693, 3931, 8, 30, 0, 0, 0.06%, 0, 0, 1, 2769.49
1669778699, 3942, 27, 30, 0, 0, 0.06%, 0, 0, 1, 2777.04
1669778704, 3955, 2, 30, 0, 0, 0.06%, 0, 0, 1, 2719.32
1669778709, 3968, 27, 30, 0, 0, 0.06%, 0, 0, 1, 2683.42
1669778714, 3985, 27, 30, 0, 0, 0.06%, 0, 0, 1, 2811.34
1669778719, 4005, 6, 30, 0, 0, 0.06%, 0, 0, 1, 2846.31
1669778724, 4018, 27, 30, 0, 0, 0.06%, 0, 0, 1, 2781.63
1669778729, 4030, 27, 30, 0, 0, 0.06%, 0, 0, 1, 2774.08
1669778734, 4046, 27, 30, 0, 0, 0.06%, 0, 0, 1, 2826.59
1669778739, 4064, 0, 30, 0, 0, 0.06%, 0, 0, 1, 2815.88
1669778744, 4075, 4, 30, 0, 0, 0.06%, 0, 0, 1, 2743.99
1669778749, 4091, 27, 30, 0, 0, 0.06%, 0, 0, 1, 2831.58
1669778755, 4105, 19, 30, 0, 0, 0.06%, 0, 0, 1, 2825.74
1669778760, 4121, 27, 30, 0, 0, 0.06%, 0, 0, 1, 2810.80
1669778765, 4134, 6, 30, 0, 0, 0.06%, 0, 0, 1, 2801.29
1669778770, 4144, 27, 30, 0, 0, 0.06%, 0, 0, 1, 2799.80
1669778775, 4159, 13, 30, 0, 0, 0.06%, 0, 0, 1, 2858.09
1669778780, 4171, 9, 30, 0, 0, 0.06%, 0, 0, 1, 2874.72
1669778785, 4182, 26, 30, 0, 0, 0.06%, 0, 0, 1, 2876.95
1669778791, 4195, 4, 30, 0, 0, 0.06%, 0, 0, 1, 2833.96
1669778796, 4211, 15, 30, 0, 0, 0.06%, 0, 0, 1, 2840.57
1669778801, 4225, 17, 30, 0, 0, 0.06%, 0, 0, 1, 2800.80
1669778806, 4239, 8, 30, 0, 0, 0.06%, 0, 0, 1, 2830.59
1669778811, 4256, 27, 30, 0, 0, 0.06%, 0, 0, 1, 2857.59
1669778816, 4272, 27, 30, 0, 0, 0.06%, 0, 0, 1, 2836.17
1669778822, 4288, 6, 30, 0, 0, 0.06%, 0, 0, 1, 2728.39
1669778827, 4303, 6, 30, 0, 0, 0.06%, 0, 0, 1, 2781.16
1669778832, 4318, 24, 30, 0, 0, 0.06%, 0, 0, 1, 2836.93
1669778837, 4332, 8, 30, 0, 0, 0.06%, 0, 0, 1, 2860.72
1669778842, 4347, 21, 30, 0, 0, 0.06%, 0, 0, 1, 2884.52
1669778847, 4359, 11, 30, 0, 0, 0.06%, 0, 0, 1, 2887.03
1669778853, 4368, 23, 30, 0, 0, 0.06%, 0, 0, 1, 2883.49
1669778858, 4383, 27, 30, 0, 0, 0.06%, 0, 0, 1, 2860.74
1669778863, 4403, 5, 30, 0, 0, 0.06%, 0, 0, 1, 2876.46
1669778868, 4416, 25, 30, 0, 0, 0.06%, 0, 0, 1, 2903.09
1669778873, 4427, 27, 30, 0, 0, 0.06%, 0, 0, 1, 2904.48
1669778878, 4440, 23, 30, 0, 0, 0.06%, 0, 0, 1, 2903.64
1669778884, 4451, 27, 30, 0, 0, 0.06%, 0, 0, 1, 2894.17
1669778889, 4467, 27, 30, 0, 0, 0.06%, 0, 0, 1, 2881.41
1669778894, 4483, 27, 30, 0, 0, 0.06%, 0, 0, 1, 2891.06
1669778899, 4499, 27, 30, 0, 0, 0.06%, 0, 0, 1, 2874.56
1669778904, 4512, 22, 30, 0, 0, 0.06%, 0, 0, 1, 2818.04
1669778909, 4524, 15, 30, 0, 0, 0.06%, 0, 0, 1, 2822.59
1669778915, 4541, 20, 30, 0, 0, 0.06%, 0, 0, 1, 2886.80
1669778920, 4557, 27, 30, 0, 0, 0.06%, 0, 0, 1, 2912.29
1669778925, 4574, 15, 30, 0, 0, 0.06%, 0, 0, 1, 2903.60
1669778930, 4587, 29, 30, 0, 0, 0.06%, 0, 0, 1, 2903.90
1669778935, 4598, 24, 30, 0, 0, 0.06%, 0, 0, 1, 2892.25
1669778940, 4609, 1, 30, 0, 0, 0.06%, 0, 0, 1, 2880.86
1669778946, 4621, 27, 30, 0, 0, 0.06%, 0, 0, 1, 2904.06
1669778951, 4635, 19, 30, 0, 0, 0.06%, 0, 0, 1, 2903.48
1669778956, 4647, 28, 30, 0, 0, 0.06%, 0, 0, 1, 2888.60
1669778961, 4663, 24, 30, 0, 0, 0.06%, 0, 0, 1, 2867.96
1669778966, 4677, 4, 30, 0, 0, 0.06%, 0, 0, 1, 2893.71
1669778971, 4690, 29, 30, 0, 0, 0.06%, 0, 0, 1, 2863.57
1669778977, 4704, 27, 30, 0, 0, 0.06%, 0, 0, 1, 2888.30
1669778982, 4719, 13, 30, 0, 0, 0.06%, 0, 0, 1, 2894.03
1669778987, 4730, 28, 30, 0, 0, 0.06%, 0, 0, 1, 2887.22
1669778992, 4745, 24, 30, 0, 0, 0.06%, 0, 0, 1, 2886.15
1669778997, 4764, 5, 30, 0, 0, 0.06%, 0, 0, 1, 2899.55
1669779002, 4776, 10, 30, 0, 0, 0.06%, 0, 0, 1, 2898.03
1669779007, 4793, 24, 30, 0, 0, 0.06%, 0, 0, 1, 2905.27
1669779013, 4808, 20, 30, 0, 0, 0.06%, 0, 0, 1, 2877.29
1669779018, 4822, 11, 30, 0, 0, 0.06%, 0, 0, 1, 2877.11
1669779023, 4839, 22, 30, 0, 0, 0.06%, 0, 0, 1, 2863.89
1669779028, 4854, 8, 30, 0, 0, 0.06%, 0, 0, 1, 2878.59
1669779033, 4868, 2, 30, 0, 0, 0.06%, 0, 0, 1, 2706.93
1669779038, 4878, 27, 30, 0, 0, 0.06%, 0, 0, 1, 2650.90
1669779043, 4894, 13, 30, 0, 0, 0.06%, 0, 0, 1, 2764.99
1669779049, 4904, 28, 30, 0, 0, 0.06%, 0, 0, 1, 2851.16
1669779054, 4917, 5, 30, 0, 0, 0.06%, 0, 0, 1, 2864.05
1669779059, 4930, 13, 30, 0, 0, 0.06%, 0, 0, 1, 2835.49
1669779064, 4947, 28, 30, 0, 0, 0.06%, 0, 0, 1, 2877.54
1669779069, 4956, 16, 30, 0, 0, 0.06%, 0, 0, 1, 2888.51
1669779074, 4970, 27, 30, 0, 0, 0.06%, 0, 0, 1, 2889.22
1669779080, 4984, 27, 30, 0, 0, 0.06%, 0, 0, 1, 2892.78
1669779085, 4998, 27, 30, 0, 0, 0.06%, 0, 0, 1, 2864.26
1669779090, 5008, 27, 30, 0, 0, 0.06%, 0, 0, 1, 2858.78
1669779095, 5026, 26, 30, 0, 0, 0.06%, 0, 0, 1, 2865.86
1669779100, 5039, 27, 30, 0, 0, 0.06%, 0, 0, 1, 2859.98
1669779106, 5052, 21, 30, 0, 0, 0.06%, 0, 0, 1, 2864.57
1669779111, 5064, 29, 30, 0, 0, 0.06%, 0, 0, 1, 2874.88
1669779116, 5078, 27, 30, 0, 0, 0.06%, 0, 0, 1, 2901.72
1669779121, 5095, 5, 30, 0, 0, 0.06%, 0, 0, 1, 2891.21
1669779126, 5106, 28, 30, 0, 0, 0.06%, 0, 0, 1, 2882.75
1669779131, 5123, 23, 30, 0, 0, 0.06%, 0, 0, 1, 2906.81
1669779136, 5138, 14, 30, 0, 0, 0.06%, 0, 0, 1, 2882.23
1669779141, 5152, 27, 30, 0, 0, 0.06%, 0, 0, 1, 2875.43
1669779146, 5168, 29, 30, 0, 0, 0.06%, 0, 0, 1, 2908.38
1669779151, 5181, 17, 30, 0, 0, 0.06%, 0, 0, 1, 2857.75
1669779157, 5194, 28, 30, 0, 0, 0.06%, 0, 0, 1, 2824.78
1669779162, 5208, 27, 30, 0, 0, 0.06%, 0, 0, 1, 2851.75
1669779167, 5228, 28, 30, 0, 0, 0.06%, 0, 0, 1, 2873.89
1669779172, 5243, 24, 30, 0, 0, 0.06%, 0, 0, 1, 2882.05
1669779177, 5259, 27, 30, 0, 0, 0.06%, 0, 0, 1, 2875.20
1669779182, 5270, 29, 30, 0, 0, 0.06%, 0, 0, 1, 2868.06
1669779188, 5286, 0, 30, 0, 0, 0.06%, 0, 0, 1, 2887.84
1669779193, 5297, 27, 30, 0, 0, 0.06%, 0, 0, 1, 2923.60
1669779198, 5313, 19, 30, 0, 0, 0.06%, 0, 0, 1, 2872.86
1669779203, 5327, 17, 30, 0, 0, 0.06%, 0, 0, 1, 2853.79
1669779208, 5344, 0, 30, 0, 0, 0.06%, 0, 0, 1, 2865.76
1669779213, 5361, 10, 30, 0, 0, 0.06%, 0, 0, 1, 2835.56
1669779218, 5374, 2, 30, 0, 0, 0.06%, 0, 0, 1, 2862.39
1669779223, 5386, 0, 30, 0, 0, 0.06%, 0, 0, 1, 2881.89
1669779228, 5407, 3, 30, 0, 0, 0.06%, 0, 0, 1, 2896.89
1669779234, 5423, 14, 30, 0, 0, 0.06%, 0, 0, 1, 2897.86
1669779239, 5441, 17, 30, 0, 0, 0.06%, 0, 0, 1, 2902.41
1669779244, 5456, 23, 30, 0, 0, 0.06%, 0, 0, 1, 2891.76
1669779249, 5474, 1, 30, 0, 0, 0.06%, 0, 0, 1, 2888.16
1669779254, 5488, 15, 30, 0, 0, 0.06%, 0, 0, 1, 2888.15
1669779259, 5503, 3, 30, 0, 0, 0.06%, 0, 0, 1, 2863.26
1669779265, 5515, 17, 30, 0, 0, 0.06%, 0, 0, 1, 2829.50
1669779270, 5529, 5, 30, 0, 0, 0.06%, 0, 0, 1, 2869.43
1669779275, 5543, 17, 30, 0, 0, 0.06%, 0, 0, 1, 2891.99
1669779280, 5561, 5, 30, 0, 0, 0.06%, 0, 0, 1, 2876.95
1669779285, 5574, 22, 30, 0, 0, 0.06%, 0, 0, 1, 2867.99
1669779290, 5589, 9, 30, 0, 0, 0.06%, 0, 0, 1, 2877.56
1669779295, 5605, 27, 30, 0, 0, 0.06%, 0, 0, 1, 2881.34
1669779301, 5620, 27, 30, 0, 0, 0.06%, 0, 0, 1, 2870.23
1669779306, 5636, 6, 30, 0, 0, 0.06%, 0, 0, 1, 2872.02
1669779311, 5651, 4, 30, 0, 0, 0.06%, 0, 0, 1, 2868.17
1669779316, 5664, 29, 30, 0, 0, 0.06%, 0, 0, 1, 2888.48
1669779321, 5683, 10, 30, 0, 0, 0.06%, 0, 0, 1, 2890.75
1669779326, 5697, 21, 30, 0, 0, 0.06%, 0, 0, 1, 2907.00
1669779331, 5714, 27, 30, 0, 0, 0.06%, 0, 0, 1, 2884.14
1669779337, 5733, 12, 30, 0, 0, 0.06%, 0, 0, 1, 2867.39
1669779342, 5743, 27, 30, 0, 0, 0.06%, 0, 0, 1, 2883.40
1669779347, 5758, 27, 30, 0, 0, 0.06%, 0, 0, 1, 2873.72
1669779352, 5775, 12, 30, 0, 0, 0.06%, 0, 0, 1, 2894.08
1669779357, 5796, 13, 30, 0, 0, 0.06%, 0, 0, 1, 2804.44
1669779362, 5810, 9, 30, 0, 0, 0.06%, 0, 0, 1, 2779.67
1669779367, 5822, 27, 30, 0, 0, 0.06%, 0, 0, 1, 2788.81
1669779372, 5839, 27, 30, 0, 0, 0.06%, 0, 0, 1, 2883.48
1669779377, 5857, 20, 30, 0, 0, 0.06%, 0, 0, 1, 2870.21
1669779383, 5870, 23, 30, 0, 0, 0.06%, 0, 0, 1, 2887.82
1669779388, 5884, 28, 30, 0, 0, 0.06%, 0, 0, 1, 2875.64
1669779393, 5901, 27, 30, 0, 0, 0.06%, 0, 0, 1, 2847.55
1669779398, 5919, 3, 30, 0, 0, 0.06%, 0, 0, 1, 2880.00
1669779403, 5933, 15, 30, 0, 0, 0.06%, 0, 0, 1, 2908.44
1669779408, 5949, 2, 30, 0, 0, 0.06%, 0, 0, 1, 2891.31
1669779413, 5962, 27, 30, 0, 0, 0.06%, 0, 0, 1, 2895.85
1669779419, 5976, 16, 30, 0, 0, 0.06%, 0, 0, 1, 2871.70
1669779424, 5991, 27, 30, 0, 0, 0.06%, 0, 0, 1, 2859.22
1669779429, 6004, 3, 30, 0, 0, 0.06%, 0, 0, 1, 2863.18
1669779434, 6023, 10, 30, 0, 0, 0.06%, 0, 0, 1, 2858.33
1669779439, 6036, 16, 30, 0, 0, 0.06%, 0, 0, 1, 2856.59
1669779444, 6051, 8, 30, 0, 0, 0.06%, 0, 0, 1, 2859.77
1669779450, 6067, 15, 30, 0, 0, 0.06%, 0, 0, 1, 2831.40
1669779455, 6079, 4, 30, 0, 0, 0.06%, 0, 0, 1, 2830.44
1669779460, 6091, 27, 30, 0, 0, 0.06%, 0, 0, 1, 2782.83
1669779465, 6102, 19, 30, 0, 0, 0.06%, 0, 0, 1, 2871.83
1669779470, 6117, 27, 30, 0, 0, 0.06%, 0, 0, 1, 2872.26
1669779475, 6133, 27, 30, 0, 0, 0.06%, 0, 0, 1, 2861.55
1669779480, 6143, 27, 30, 0, 0, 0.06%, 0, 0, 1, 2842.74
1669779486, 6160, 0, 30, 0, 0, 0.06%, 0, 0, 1, 2881.97
1669779491, 6178, 27, 30, 0, 0, 0.06%, 0, 0, 1, 2894.22
1669779496, 6193, 27, 30, 0, 0, 0.06%, 0, 0, 1, 2875.26
1669779501, 6211, 5, 30, 0, 0, 0.06%, 0, 0, 1, 2882.41
1669779506, 6230, 2, 30, 0, 0, 0.06%, 0, 0, 1, 2895.92
1669779511, 6241, 23, 30, 0, 0, 0.06%, 0, 0, 1, 2882.59
1669779517, 6252, 6, 30, 0, 0, 0.06%, 0, 0, 1, 2819.36
1669779522, 6263, 8, 30, 0, 0, 0.06%, 0, 0, 1, 2729.02
1669779527, 6279, 8, 30, 0, 0, 0.06%, 0, 0, 1, 2836.86
1669779532, 6294, 6, 30, 0, 0, 0.06%, 0, 0, 1, 2861.52
1669779537, 6303, 19, 30, 0, 0, 0.06%, 0, 0, 1, 2858.73
1669779542, 6316, 20, 30, 0, 0, 0.06%, 0, 0, 1, 2861.52
1669779548, 6330, 23, 30, 0, 0, 0.06%, 0, 0, 1, 2889.75
1669779553, 6346, 18, 30, 0, 0, 0.06%, 0, 0, 1, 2883.02
1669779558, 6361, 27, 30, 0, 0, 0.06%, 0, 0, 1, 2873.03
1669779563, 6377, 23, 30, 0, 0, 0.06%, 0, 0, 1, 2849.92
1669779568, 6392, 11, 30, 0, 0, 0.06%, 0, 0, 1, 2878.20
1669779573, 6402, 24, 30, 0, 0, 0.06%, 0, 0, 1, 2885.83
1669779578, 6416, 16, 30, 0, 0, 0.06%, 0, 0, 1, 2858.22
1669779584, 6434, 0, 30, 0, 0, 0.06%, 0, 0, 1, 2893.66
1669779589, 6448, 1, 30, 0, 0, 0.06%, 0, 0, 1, 2894.65
1669779594, 6464, 2, 30, 0, 0, 0.06%, 0, 0, 1, 2890.96
1669779599, 6478, 4, 30, 0, 0, 0.06%, 0, 0, 1, 2881.40
1669779604, 6492, 27, 30, 0, 0, 0.06%, 0, 0, 1, 2864.59
1669779609, 6507, 29, 30, 0, 0, 0.06%, 0, 0, 1, 2880.60
1669779614, 6522, 27, 30, 0, 0, 0.06%, 0, 0, 1, 2892.55
1669779620, 6537, 27, 30, 0, 0, 0.06%, 0, 0, 1, 2888.81
1669779625, 6550, 29, 30, 0, 0, 0.06%, 0, 0, 1, 2879.41
1669779630, 6562, 18, 30, 0, 0, 0.06%, 0, 0, 1, 2884.94
1669779635, 6581, 14, 30, 0, 0, 0.06%, 0, 0, 1, 2862.80
1669779640, 6593, 1, 30, 0, 0, 0.06%, 0, 0, 1, 2882.42
1669779645, 6610, 23, 30, 0, 0, 0.06%, 0, 0, 1, 2890.70
1669779651, 6622, 19, 30, 0, 0, 0.06%, 0, 0, 1, 2886.29
1669779656, 6638, 2, 30, 0, 0, 0.06%, 0, 0, 1, 2906.76
1669779661, 6652, 11, 30, 0, 0, 0.06%, 0, 0, 1, 2895.80
1669779666, 6664, 27, 30, 0, 0, 0.06%, 0, 0, 1, 2892.10
1669779671, 6675, 29, 30, 0, 0, 0.06%, 0, 0, 1, 2903.29
1669779676, 6692, 16, 30, 0, 0, 0.06%, 0, 0, 1, 2854.71
1669779682, 6713, 14, 30, 0, 0, 0.06%, 0, 0, 1, 2737.78
1669779687, 6722, 27, 30, 0, 0, 0.06%, 0, 0, 1, 2698.07
1669779692, 6733, 28, 30, 0, 0, 0.06%, 0, 0, 1, 2529.75
1669779697, 6746, 7, 30, 0, 0, 0.06%, 0, 0, 1, 2720.42
1669779702, 6761, 14, 30, 0, 0, 0.06%, 0, 0, 1, 2732.44
1669779707, 6777, 27, 30, 0, 0, 0.06%, 0, 0, 1, 2829.39
1669779712, 6793, 6, 30, 0, 0, 0.06%, 0, 0, 1, 2888.71
1669779718, 6806, 7, 30, 0, 0, 0.06%, 0, 0, 1, 2903.50
1669779723, 6818, 14, 30, 0, 0, 0.06%, 0, 0, 1, 2774.68
1669779728, 6832, 2, 30, 0, 0, 0.06%, 0, 0, 1, 2785.85
1669779733, 6845, 0, 30, 0, 0, 0.06%, 0, 0, 1, 2858.88
1669779738, 6862, 24, 30, 0, 0, 0.06%, 0, 0, 1, 2881.13
1669779743, 6876, 4, 30, 0, 0, 0.06%, 0, 0, 1, 2884.66
1669779748, 6888, 8, 30, 0, 0, 0.06%, 0, 0, 1, 2854.00
1669779754, 6901, 24, 30, 0, 0, 0.06%, 0, 0, 1, 2830.66
1669779759, 6913, 19, 30, 0, 0, 0.06%, 0, 0, 1, 2824.87
1669779764, 6925, 28, 30, 0, 0, 0.06%, 0, 0, 1, 2825.38
1669779769, 6940, 6, 30, 0, 0, 0.06%, 0, 0, 1, 2783.61
1669779774, 6949, 27, 30, 0, 0, 0.06%, 0, 0, 1, 2835.79
1669779779, 6965, 28, 30, 0, 0, 0.06%, 0, 0, 1, 2859.84
1669779784, 6978, 27, 30, 0, 0, 0.06%, 0, 0, 1, 2853.78
1669779789, 6997, 27, 30, 0, 0, 0.06%, 0, 0, 1, 2847.75
1669779794, 7008, 7, 30, 0, 0, 0.06%, 0, 0, 1, 2871.76
1669779799, 7020, 22, 30, 0, 0, 0.06%, 0, 0, 1, 2791.99
1669779805, 7036, 4, 30, 0, 0, 0.06%, 0, 0, 1, 2822.98
1669779810, 7047, 29, 30, 0, 0, 0.06%, 0, 0, 1, 2791.42
1669779815, 7059, 12, 30, 0, 0, 0.06%, 0, 0, 1, 2725.82
1669779820, 7072, 14, 30, 0, 0, 0.06%, 0, 0, 1, 2793.39
1669779825, 7087, 8, 30, 0, 0, 0.06%, 0, 0, 1, 2846.04
1669779830, 7101, 27, 30, 0, 0, 0.06%, 0, 0, 1, 2852.87
1669779835, 7114, 5, 30, 0, 0, 0.06%, 0, 0, 1, 2847.47
1669779840, 7137, 11, 30, 0, 0, 0.06%, 0, 0, 1, 2826.55
1669779845, 7152, 14, 30, 0, 0, 0.06%, 0, 0, 1, 2817.32
1669779850, 7164, 24, 30, 0, 0, 0.06%, 0, 0, 1, 2859.00
1669779856, 7177, 29, 30, 0, 0, 0.06%, 0, 0, 1, 2849.98
1669779861, 7188, 3, 30, 0, 0, 0.06%, 0, 0, 1, 2782.69
1669779866, 7199, 20, 30, 0, 0, 0.06%, 0, 0, 1, 2836.61
1669779871, 7213, 0, 30, 0, 0, 0.06%, 0, 0, 1, 2822.38
1669779876, 7225, 27, 30, 0, 0, 0.06%, 0, 0, 1, 2798.92
1669779881, 7243, 0, 30, 0, 0, 0.06%, 0, 0, 1, 2793.91
1669779886, 7257, 3, 30, 0, 0, 0.06%, 0, 0, 1, 2837.62
1669779892, 7273, 27, 30, 0, 0, 0.06%, 0, 0, 1, 2828.07
1669779897, 7286, 26, 30, 0, 0, 0.06%, 0, 0, 1, 2818.22
1669779902, 7302, 14, 30, 0, 0, 0.06%, 0, 0, 1, 2868.24
1669779907, 7314, 27, 30, 0, 0, 0.06%, 0, 0, 1, 2851.55
1669779912, 7329, 27, 30, 0, 0, 0.06%, 0, 0, 1, 2838.54
1669779917, 7346, 15, 30, 0, 0, 0.06%, 0, 0, 1, 2850.71
1669779922, 7362, 18, 30, 0, 0, 0.06%, 0, 0, 1, 2830.38
1669779927, 7378, 7, 30, 0, 0, 0.06%, 0, 0, 1, 2806.12
1669779933, 7398, 24, 30, 0, 0, 0.06%, 0, 0, 1, 2786.76
1669779938, 7413, 12, 30, 0, 0, 0.06%, 0, 0, 1, 2803.87
1669779943, 7426, 26, 30, 0, 0, 0.06%, 0, 0, 1, 2834.58
1669779948, 7442, 27, 30, 0, 0, 0.06%, 0, 0, 1, 2848.17
1669779953, 7458, 27, 30, 0, 0, 0.06%, 0, 0, 1, 2843.39
1669779958, 7471, 27, 30, 0, 0, 0.06%, 0, 0, 1, 2818.26
1669779963, 7483, 27, 30, 0, 0, 0.06%, 0, 0, 1, 2837.00
1669779969, 7500, 7, 30, 0, 0, 0.06%, 0, 0, 1, 2803.38
1669779974, 7510, 15, 30, 0, 0, 0.06%, 0, 0, 1, 2718.18
1669779979, 7524, 7, 30, 0, 0, 0.06%, 0, 0, 1, 2603.95
1669779984, 7538, 18, 30, 0, 0, 0.06%, 0, 0, 1, 2717.91
1669779989, 7548, 29, 30, 0, 0, 0.06%, 0, 0, 1, 2817.11
1669779994, 7561, 6, 30, 0, 0, 0.06%, 0, 0, 1, 2803.50
1669779999, 7573, 27, 30, 0, 0, 0.06%, 0, 0, 1, 2803.49
1669780004, 7589, 7, 30, 0, 0, 0.06%, 0, 0, 1, 2834.10
1669780010, 7604, 6, 30, 0, 0, 0.06%, 0, 0, 1, 2853.06
1669780015, 7615, 14, 30, 0, 0, 0.06%, 0, 0, 1, 2856.37
1669780020, 7627, 28, 30, 0, 0, 0.06%, 0, 0, 1, 2802.20
1669780025, 7640, 12, 30, 0, 0, 0.06%, 0, 0, 1, 2807.66
1669780030, 7658, 27, 30, 0, 0, 0.06%, 0, 0, 1, 2779.97
1669780035, 7670, 16, 30, 0, 0, 0.06%, 0, 0, 1, 2786.83
1669780041, 7682, 27, 30, 0, 0, 0.06%, 0, 0, 1, 2795.29
1669780046, 7695, 3, 30, 0, 0, 0.06%, 0, 0, 1, 2796.85
1669780051, 7710, 25, 30, 0, 0, 0.06%, 0, 0, 1, 2752.62
1669780056, 7727, 3, 30, 0, 0, 0.06%, 0, 0, 1, 2740.70
1669780061, 7743, 27, 30, 0, 0, 0.06%, 0, 0, 1, 2706.82
1669780066, 7759, 1, 30, 0, 0, 0.06%, 0, 0, 1, 2748.34
1669780071, 7772, 8, 30, 0, 0, 0.06%, 0, 0, 1, 2833.53
1669780077, 7787, 27, 30, 0, 0, 0.06%, 0, 0, 1, 2862.32
1669780082, 7801, 28, 30, 0, 0, 0.06%, 0, 0, 1, 2821.90
1669780087, 7820, 27, 30, 0, 0, 0.06%, 0, 0, 1, 2832.35
1669780092, 7836, 28, 30, 0, 0, 0.06%, 0, 0, 1, 2751.34
1669780097, 7847, 11, 30, 0, 0, 0.06%, 0, 0, 1, 2810.31
1669780102, 7859, 28, 30, 0, 0, 0.06%, 0, 0, 1, 2838.33
1669780107, 7869, 23, 30, 0, 0, 0.06%, 0, 0, 1, 2842.49
1669780113, 7883, 22, 30, 0, 0, 0.06%, 0, 0, 1, 2819.72
1669780118, 7892, 27, 30, 0, 0, 0.06%, 0, 0, 1, 2815.98
1669780123, 7907, 14, 30, 0, 0, 0.06%, 0, 0, 1, 2807.66
1669780128, 7921, 27, 30, 0, 0, 0.06%, 0, 0, 1, 2826.38
1669780133, 7937, 11, 30, 0, 0, 0.06%, 0, 0, 1, 2852.81
1669780138, 7952, 28, 30, 0, 0, 0.06%, 0, 0, 1, 2813.83
1669780144, 7963, 24, 30, 0, 0, 0.06%, 0, 0, 1, 2808.02
1669780149, 7975, 27, 30, 0, 0, 0.06%, 0, 0, 1, 2825.06
1669780154, 7991, 12, 30, 0, 0, 0.06%, 0, 0, 1, 2777.43
1669780159, 8007, 6, 30, 0, 0, 0.06%, 0, 0, 1, 2769.69
1669780164, 8022, 1, 30, 0, 0, 0.06%, 0, 0, 1, 2769.63
1669780169, 8033, 8, 30, 0, 0, 0.06%, 0, 0, 1, 2757.66
1669780174, 8048, 1, 30, 0, 0, 0.06%, 0, 0, 1, 2766.90
1669780179, 8063, 1, 30, 0, 0, 0.06%, 0, 0, 1, 2801.75
1669780185, 8072, 27, 30, 0, 0, 0.06%, 0, 0, 1, 2799.48
1669780190, 8087, 0, 30, 0, 0, 0.06%, 0, 0, 1, 2851.55
1669780195, 8100, 7, 30, 0, 0, 0.06%, 0, 0, 1, 2808.05
1669780200, 8118, 2, 30, 0, 0, 0.06%, 0, 0, 1, 2797.13
1669780205, 8129, 11, 30, 0, 0, 0.06%, 0, 0, 1, 2772.94
1669780210, 8144, 19, 30, 0, 0, 0.06%, 0, 0, 1, 2822.24
1669780216, 8159, 10, 30, 0, 0, 0.06%, 0, 0, 1, 2791.92
1669780221, 8170, 9, 30, 0, 0, 0.06%, 0, 0, 1, 2804.89
1669780226, 8186, 27, 30, 0, 0, 0.06%, 0, 0, 1, 2770.78
1669780231, 8198, 2, 30, 0, 0, 0.06%, 0, 0, 1, 2802.27
1669780236, 8209, 27, 30, 0, 0, 0.06%, 0, 0, 1, 2773.56
1669780241, 8225, 0, 30, 0, 0, 0.06%, 0, 0, 1, 2739.30
1669780246, 8236, 14, 30, 0, 0, 0.06%, 0, 0, 1, 2781.91
1669780252, 8250, 11, 30, 0, 0, 0.06%, 0, 0, 1, 2780.79
1669780257, 8260, 27, 30, 0, 0, 0.06%, 0, 0, 1, 2782.62
1669780262, 8270, 24, 30, 0, 0, 0.06%, 0, 0, 1, 2757.51
1669780267, 8281, 27, 30, 0, 0, 0.06%, 0, 0, 1, 2768.99
1669780272, 8294, 4, 30, 0, 0, 0.06%, 0, 0, 1, 2822.58
1669780277, 8310, 27, 30, 0, 0, 0.06%, 0, 0, 1, 2763.58
1669780283, 8325, 17, 30, 0, 0, 0.06%, 0, 0, 1, 2683.39
1669780288, 8337, 0, 30, 0, 0, 0.06%, 0, 0, 1, 2771.33
1669780293, 8351, 0, 30, 0, 0, 0.06%, 0, 0, 1, 2797.79
1669780298, 8363, 1, 30, 0, 0, 0.06%, 0, 0, 1, 2748.13
1669780303, 8377, 27, 30, 0, 0, 0.06%, 0, 0, 1, 2736.89
1669780308, 8389, 27, 30, 0, 0, 0.06%, 0, 0, 1, 2798.66
1669780314, 8405, 14, 30, 0, 0, 0.06%, 0, 0, 1, 2835.03
1669780319, 8419, 24, 30, 0, 0, 0.06%, 0, 0, 1, 2826.40
1669780324, 8432, 7, 30, 0, 0, 0.06%, 0, 0, 1, 2822.46
1669780329, 8446, 27, 30, 0, 0, 0.06%, 0, 0, 1, 2823.38
1669780334, 8461, 12, 30, 0, 0, 0.06%, 0, 0, 1, 2838.46
1669780339, 8473, 24, 30, 0, 0, 0.06%, 0, 0, 1, 2789.43
1669780345, 8486, 12, 30, 0, 0, 0.06%, 0, 0, 1, 2827.55
1669780350, 8501, 0, 30, 0, 0, 0.06%, 0, 0, 1, 2860.75
1669780355, 8514, 27, 30, 0, 0, 0.06%, 0, 0, 1, 2787.02
1669780360, 8529, 21, 30, 0, 0, 0.06%, 0, 0, 1, 2799.86
1669780365, 8539, 27, 30, 0, 0, 0.06%, 0, 0, 1, 2843.28
1669780370, 8551, 27, 30, 0, 0, 0.06%, 0, 0, 1, 2873.53
1669780375, 8568, 16, 30, 0, 0, 0.06%, 0, 0, 1, 2881.90
1669780381, 8587, 18, 30, 0, 0, 0.06%, 0, 0, 1, 2862.79
1669780386, 8602, 27, 30, 0, 0, 0.06%, 0, 0, 1, 2847.84
1669780391, 8620, 17, 30, 0, 0, 0.06%, 0, 0, 1, 2867.58
1669780396, 8632, 9, 30, 0, 0, 0.06%, 0, 0, 1, 2858.38
1669780401, 8648, 27, 30, 0, 0, 0.06%, 0, 0, 1, 2853.18
1669780406, 8660, 27, 30, 0, 0, 0.06%, 0, 0, 1, 2845.96
1669780412, 8672, 23, 30, 0, 0, 0.06%, 0, 0, 1, 2853.19
1669780417, 8687, 27, 30, 0, 0, 0.06%, 0, 0, 1, 2744.27
1669780422, 8698, 9, 30, 0, 0, 0.06%, 0, 0, 1, 2729.81
1669780427, 8713, 27, 30, 0, 0, 0.06%, 0, 0, 1, 2810.40
1669780432, 8729, 15, 30, 0, 0, 0.06%, 0, 0, 1, 2845.58
1669780437, 8740, 27, 30, 0, 0, 0.06%, 0, 0, 1, 2802.51
1669780443, 8755, 0, 30, 0, 0, 0.06%, 0, 0, 1, 2831.28
1669780448, 8766, 17, 30, 0, 0, 0.06%, 0, 0, 1, 2765.53
1669780453, 8780, 2, 30, 0, 0, 0.06%, 0, 0, 1, 2822.24
1669780458, 8793, 27, 30, 0, 0, 0.06%, 0, 0, 1, 2803.08
1669780463, 8810, 21, 30, 0, 0, 0.06%, 0, 0, 1, 2710.75
1669780469, 8823, 27, 30, 0, 0, 0.06%, 0, 0, 1, 2799.37
1669780474, 8841, 27, 30, 0, 0, 0.06%, 0, 0, 1, 2833.46
1669780479, 8855, 26, 30, 0, 0, 0.06%, 0, 0, 1, 2833.77
1669780484, 8864, 24, 30, 0, 0, 0.06%, 0, 0, 1, 2831.25
1669780489, 8880, 23, 30, 0, 0, 0.06%, 0, 0, 1, 2858.60
1669780494, 8892, 4, 30, 0, 0, 0.06%, 0, 0, 1, 2871.85
1669780500, 8914, 1, 30, 0, 0, 0.06%, 0, 0, 1, 2877.41
1669780505, 8923, 18, 30, 0, 0, 0.06%, 0, 0, 1, 2849.69
1669780510, 8937, 2, 30, 0, 0, 0.06%, 0, 0, 1, 2870.92
1669780515, 8952, 26, 30, 0, 0, 0.06%, 0, 0, 1, 2860.08
1669780520, 8967, 27, 30, 0, 0, 0.06%, 0, 0, 1, 2783.51
1669780525, 8982, 28, 30, 0, 0, 0.06%, 0, 0, 1, 2801.84
1669780531, 8994, 19, 30, 0, 0, 0.06%, 0, 0, 1, 2839.20
1669780536, 9006, 26, 30, 0, 0, 0.06%, 0, 0, 1, 2816.23
1669780541, 9023, 27, 30, 0, 0, 0.06%, 0, 0, 1, 2826.75
1669780546, 9036, 29, 30, 0, 0, 0.06%, 0, 0, 1, 2851.02
1669780551, 9049, 27, 30, 0, 0, 0.06%, 0, 0, 1, 2838.91
1669780557, 9062, 6, 30, 0, 0, 0.06%, 0, 0, 1, 2800.35
1669780562, 9076, 19, 30, 0, 0, 0.06%, 0, 0, 1, 2828.19
1669780567, 9090, 27, 30, 0, 0, 0.06%, 0, 0, 1, 2837.15
1669780572, 9105, 9, 30, 0, 0, 0.06%, 0, 0, 1, 2856.37
1669780577, 9119, 1, 30, 0, 0, 0.06%, 0, 0, 1, 2880.78
1669780583, 9130, 28, 30, 0, 0, 0.06%, 0, 0, 1, 2835.29
1669780588, 9145, 0, 30, 0, 0, 0.06%, 0, 0, 1, 2802.57
1669780593, 9159, 19, 30, 0, 0, 0.06%, 0, 0, 1, 2835.70
1669780598, 9172, 20, 30, 0, 0, 0.06%, 0, 0, 1, 2886.41
1669780603, 9185, 5, 30, 0, 0, 0.06%, 0, 0, 1, 2827.07
1669780608, 9196, 2, 30, 0, 0, 0.06%, 0, 0, 1, 2842.36
1669780613, 9213, 13, 30, 0, 0, 0.06%, 0, 0, 1, 2842.39
1669780619, 9227, 17, 30, 0, 0, 0.06%, 0, 0, 1, 2845.67
1669780624, 9242, 27, 30, 0, 0, 0.06%, 0, 0, 1, 2871.68
1669780629, 9256, 26, 30, 0, 0, 0.06%, 0, 0, 1, 2867.19
1669780634, 9273, 24, 30, 0, 0, 0.06%, 0, 0, 1, 2872.91
1669780639, 9282, 27, 30, 0, 0, 0.06%, 0, 0, 1, 2894.40
1669780644, 9295, 14, 30, 0, 0, 0.06%, 0, 0, 1, 2831.50
1669780649, 9307, 10, 30, 0, 0, 0.06%, 0, 0, 1, 2784.02
1669780654, 9323, 10, 30, 0, 0, 0.06%, 0, 0, 1, 2807.26
1669780660, 9336, 27, 30, 0, 0, 0.06%, 0, 0, 1, 2793.89
1669780665, 9353, 3, 30, 0, 0, 0.06%, 0, 0, 1, 2869.97
1669780670, 9365, 20, 30, 0, 0, 0.06%, 0, 0, 1, 2829.71
1669780675, 9380, 8, 30, 0, 0, 0.06%, 0, 0, 1, 2843.72
1669780680, 9392, 28, 30, 0, 0, 0.06%, 0, 0, 1, 2831.46
1669780685, 9408, 0, 30, 0, 0, 0.06%, 0, 0, 1, 2811.58
1669780691, 9419, 8, 30, 0, 0, 0.06%, 0, 0, 1, 2849.86
1669780696, 9434, 27, 30, 0, 0, 0.06%, 0, 0, 1, 2855.36
1669780701, 9454, 27, 30, 0, 0, 0.06%, 0, 0, 1, 2834.33
1669780706, 9472, 7, 30, 0, 0, 0.06%, 0, 0, 1, 2794.25
1669780711, 9486, 19, 30, 0, 0, 0.06%, 0, 0, 1, 2823.22
1669780716, 9497, 26, 30, 0, 0, 0.06%, 0, 0, 1, 2857.01
1669780721, 9515, 10, 30, 0, 0, 0.06%, 0, 0, 1, 2862.71
1669780726, 9527, 10, 30, 0, 0, 0.06%, 0, 0, 1, 2871.54
1669780731, 9541, 27, 30, 0, 0, 0.06%, 0, 0, 1, 2861.07
1669780737, 9554, 21, 30, 0, 0, 0.06%, 0, 0, 1, 2829.11
1669780742, 9568, 29, 30, 0, 0, 0.06%, 0, 0, 1, 2831.47
1669780747, 9583, 23, 30, 0, 0, 0.06%, 0, 0, 1, 2878.05
1669780752, 9595, 27, 30, 0, 0, 0.06%, 0, 0, 1, 2877.21
1669780757, 9613, 27, 30, 0, 0, 0.06%, 0, 0, 1, 2884.04
1669780762, 9627, 5, 30, 0, 0, 0.06%, 0, 0, 1, 2832.47
1669780767, 9641, 27, 30, 0, 0, 0.06%, 0, 0, 1, 2859.49
1669780772, 9657, 0, 30, 0, 0, 0.06%, 0, 0, 1, 2876.02
1669780777, 9670, 1, 30, 0, 0, 0.06%, 0, 0, 1, 2868.85
1669780783, 9684, 1, 30, 0, 0, 0.06%, 0, 0, 1, 2896.75
1669780788, 9696, 27, 30, 0, 0, 0.06%, 0, 0, 1, 2887.88
1669780793, 9712, 22, 30, 0, 0, 0.06%, 0, 0, 1, 2881.33
1669780798, 9723, 27, 30, 0, 0, 0.06%, 0, 0, 1, 2883.93
1669780803, 9737, 5, 30, 0, 0, 0.06%, 0, 0, 1, 2876.63
1669780808, 9750, 9, 30, 0, 0, 0.06%, 0, 0, 1, 2865.31
1669780814, 9768, 11, 30, 0, 0, 0.06%, 0, 0, 1, 2872.79
1669780819, 9782, 20, 30, 0, 0, 0.06%, 0, 0, 1, 2871.26
1669780824, 9794, 5, 30, 0, 0, 0.06%, 0, 0, 1, 2873.47
1669780829, 9808, 2, 30, 0, 0, 0.06%, 0, 0, 1, 2882.22
1669780834, 9821, 27, 30, 0, 0, 0.06%, 0, 0, 1, 2815.03
1669780839, 9832, 17, 30, 0, 0, 0.06%, 0, 0, 1, 2755.29
1669780844, 9845, 27, 30, 0, 0, 0.06%, 0, 0, 1, 2815.87
1669780850, 9863, 27, 30, 0, 0, 0.06%, 0, 0, 1, 2871.14
1669780855, 9876, 25, 30, 0, 0, 0.06%, 0, 0, 1, 2880.28
1669780860, 9896, 10, 30, 0, 0, 0.06%, 0, 0, 1, 2848.78
1669780865, 9909, 8, 30, 0, 0, 0.06%, 0, 0, 1, 2916.37
1669780870, 9922, 12, 30, 0, 0, 0.06%, 0, 0, 1, 2885.08
1669780875, 9933, 25, 30, 0, 0, 0.06%, 0, 0, 1, 2881.46
1669780881, 9948, 23, 30, 0, 0, 0.06%, 0, 0, 1, 2906.98
1669780886, 9964, 24, 30, 0, 0, 0.06%, 0, 0, 1, 2888.02
1669780891, 9980, 24, 30, 0, 0, 0.06%, 0, 0, 1, 2837.45
1669780896, 9993, 4, 30, 0, 0, 0.06%, 0, 0, 1, 2876.20
1669780901, 10007, 27, 30, 0, 0, 0.06%, 0, 0, 1, 2848.12
1669780906, 10021, 27, 30, 0, 0, 0.06%, 0, 0, 1, 2870.10
1669780912, 10037, 27, 30, 0, 0, 0.06%, 0, 0, 1, 2912.32
1669780917, 10054, 26, 30, 0, 0, 0.06%, 0, 0, 1, 2885.92
1669780922, 10069, 27, 30, 0, 0, 0.06%, 0, 0, 1, 2876.02
1669780927, 10081, 27, 30, 0, 0, 0.06%, 0, 0, 1, 2889.79
1669780932, 10095, 20, 30, 0, 0, 0.06%, 0, 0, 1, 2903.21
1669780938, 10110, 7, 30, 0, 0, 0.06%, 0, 0, 1, 2889.68
1669780943, 10126, 27, 30, 0, 0, 0.06%, 0, 0, 1, 2881.92
1669780948, 10146, 14, 30, 0, 0, 0.06%, 0, 0, 1, 2899.91
1669780953, 10159, 10, 30, 0, 0, 0.06%, 0, 0, 1, 2912.50
1669780958, 10170, 27, 30, 0, 0, 0.06%, 0, 0, 1, 2889.71
1669780963, 10187, 11, 30, 0, 0, 0.06%, 0, 0, 1, 2886.30
1669780968, 10204, 27, 30, 0, 0, 0.06%, 0, 0, 1, 2898.10
1669780973, 10217, 27, 30, 0, 0, 0.06%, 0, 0, 1, 2894.89
1669780979, 10231, 25, 30, 0, 0, 0.06%, 0, 0, 1, 2870.38
1669780984, 10241, 4, 30, 0, 0, 0.06%, 0, 0, 1, 2611.03
1669780989, 10255, 6, 30, 0, 0, 0.06%, 0, 0, 1, 2805.56
1669780994, 10266, 27, 30, 0, 0, 0.06%, 0, 0, 1, 2852.08
1669780999, 10280, 29, 30, 0, 0, 0.06%, 0, 0, 1, 2862.55
1669781004, 10296, 19, 30, 0, 0, 0.06%, 0, 0, 1, 2865.84
1669781010, 10311, 17, 30, 0, 0, 0.06%, 0, 0, 1, 2897.60
1669781015, 10324, 27, 30, 0, 0, 0.06%, 0, 0, 1, 2864.55
1669781020, 10340, 14, 30, 0, 0, 0.06%, 0, 0, 1, 2862.85
1669781025, 10354, 27, 30, 0, 0, 0.06%, 0, 0, 1, 2856.14
1669781030, 10369, 23, 30, 0, 0, 0.06%, 0, 0, 1, 2872.92
1669781035, 10382, 26, 30, 0, 0, 0.06%, 0, 0, 1, 2861.67
1669781041, 10395, 27, 30, 0, 0, 0.06%, 0, 0, 1, 2903.78
1669781046, 10413, 10, 30, 0, 0, 0.06%, 0, 0, 1, 2880.64
1669781051, 10424, 27, 30, 0, 0, 0.06%, 0, 0, 1, 2928.36
1669781056, 10438, 27, 30, 0, 0, 0.06%, 0, 0, 1, 2878.45
1669781061, 10452, 3, 30, 0, 0, 0.06%, 0, 0, 1, 2871.87
1669781066, 10464, 28, 30, 0, 0, 0.06%, 0, 0, 1, 2833.89
1669781071, 10477, 29, 30, 0, 0, 0.06%, 0, 0, 1, 2854.07
1669781076, 10489, 27, 30, 0, 0, 0.06%, 0, 0, 1, 2886.32
1669781082, 10499, 27, 30, 0, 0, 0.06%, 0, 0, 1, 2830.98
1669781087, 10514, 27, 30, 0, 0, 0.06%, 0, 0, 1, 2852.25
1669781092, 10525, 24, 30, 0, 0, 0.06%, 0, 0, 1, 2861.98
1669781097, 10540, 7, 30, 0, 0, 0.06%, 0, 0, 1, 2878.43
1669781102, 10557, 27, 30, 0, 0, 0.06%, 0, 0, 1, 2863.33
1669781107, 10574, 4, 30, 0, 0, 0.06%, 0, 0, 1, 2876.01
1669781112, 10584, 10, 30, 0, 0, 0.06%, 0, 0, 1, 2874.53
1669781118, 10596, 9, 30, 0, 0, 0.06%, 0, 0, 1, 2879.16
1669781123, 10610, 10, 30, 0, 0, 0.06%, 0, 0, 1, 2896.56
1669781128, 10621, 15, 30, 0, 0, 0.06%, 0, 0, 1, 2874.99
1669781133, 10635, 11, 30, 0, 0, 0.06%, 0, 0, 1, 2883.53
1669781138, 10650, 18, 30, 0, 0, 0.06%, 0, 0, 1, 2878.86
1669781143, 10663, 27, 30, 0, 0, 0.06%, 0, 0, 1, 2840.28
1669781148, 10680, 2, 30, 0, 0, 0.06%, 0, 0, 1, 2877.06
1669781153, 10695, 1, 30, 0, 0, 0.06%, 0, 0, 1, 2898.01
1669781158, 10713, 5, 30, 0, 0, 0.06%, 0, 0, 1, 2897.86
1669781164, 10727, 0, 30, 0, 0, 0.06%, 0, 0, 1, 2886.52
1669781169, 10743, 5, 30, 0, 0, 0.06%, 0, 0, 1, 2870.51
1669781174, 10760, 4, 30, 0, 0, 0.06%, 0, 0, 1, 2872.32
1669781179, 10772, 5, 30, 0, 0, 0.06%, 0, 0, 1, 2888.19
1669781184, 10787, 27, 30, 0, 0, 0.06%, 0, 0, 1, 2872.13
1669781189, 10804, 6, 30, 0, 0, 0.06%, 0, 0, 1, 2878.91
1669781195, 10819, 13, 30, 0, 0, 0.06%, 0, 0, 1, 2887.60
1669781200, 10837, 5, 30, 0, 0, 0.06%, 0, 0, 1, 2887.61
1669781205, 10850, 29, 30, 0, 0, 0.06%, 0, 0, 1, 2906.92
1669781210, 10859, 27, 30, 0, 0, 0.06%, 0, 0, 1, 2880.04
1669781215, 10871, 27, 30, 0, 0, 0.06%, 0, 0, 1, 2867.30
1669781220, 10881, 5, 30, 0, 0, 0.06%, 0, 0, 1, 2859.53
1669781225, 10897, 21, 30, 0, 0, 0.06%, 0, 0, 1, 2864.88
1669781231, 10906, 16, 30, 0, 0, 0.06%, 0, 0, 1, 2865.03
1669781236, 10919, 27, 30, 0, 0, 0.06%, 0, 0, 1, 2879.34
1669781241, 10931, 16, 30, 0, 0, 0.06%, 0, 0, 1, 2889.07
1669781246, 10942, 27, 30, 0, 0, 0.06%, 0, 0, 1, 2893.29
1669781251, 10962, 10, 30, 0, 0, 0.06%, 0, 0, 1, 2882.87
1669781257, 10981, 5, 30, 0, 0, 0.06%, 0, 0, 1, 2888.66
1669781262, 10994, 6, 30, 0, 0, 0.06%, 0, 0, 1, 2821.88
1669781267, 11008, 12, 30, 0, 0, 0.06%, 0, 0, 1, 2825.28
1669781272, 11022, 7, 30, 0, 0, 0.06%, 0, 0, 1, 2857.72
1669781277, 11036, 23, 30, 0, 0, 0.06%, 0, 0, 1, 2882.41
1669781282, 11052, 27, 30, 0, 0, 0.06%, 0, 0, 1, 2867.93
1669781287, 11068, 8, 30, 0, 0, 0.06%, 0, 0, 1, 2882.04
1669781292, 11080, 23, 30, 0, 0, 0.06%, 0, 0, 1, 2867.55
1669781298, 11092, 5, 30, 0, 0, 0.06%, 0, 0, 1, 2857.39
1669781303, 11106, 27, 30, 0, 0, 0.06%, 0, 0, 1, 2840.43
1669781308, 11118, 7, 30, 0, 0, 0.06%, 0, 0, 1, 2888.98
1669781313, 11131, 22, 30, 0, 0, 0.06%, 0, 0, 1, 2861.89
1669781318, 11150, 22, 30, 0, 0, 0.06%, 0, 0, 1, 2734.93
1669781323, 11163, 27, 30, 0, 0, 0.06%, 0, 0, 1, 2727.31
1669781328, 11177, 28, 30, 0, 0, 0.06%, 0, 0, 1, 2857.50
1669781334, 11193, 3, 30, 0, 0, 0.06%, 0, 0, 1, 2899.17
1669781339, 11208, 27, 30, 0, 0, 0.06%, 0, 0, 1, 2896.52
1669781344, 11222, 2, 30, 0, 0, 0.06%, 0, 0, 1, 2879.74
1669781349, 11236, 12, 30, 0, 0, 0.06%, 0, 0, 1, 2894.40
1669781354, 11247, 26, 30, 0, 0, 0.06%, 0, 0, 1, 2878.41
1669781359, 11260, 28, 30, 0, 0, 0.06%, 0, 0, 1, 2900.77
1669781364, 11278, 21, 30, 0, 0, 0.06%, 0, 0, 1, 2882.15
1669781370, 11295, 21, 30, 0, 0, 0.06%, 0, 0, 1, 2895.10
1669781375, 11310, 27, 30, 0, 0, 0.06%, 0, 0, 1, 2890.92
1669781380, 11324, 6, 30, 0, 0, 0.06%, 0, 0, 1, 2903.74
1669781385, 11336, 21, 30, 0, 0, 0.06%, 0, 0, 1, 2885.01
1669781390, 11350, 7, 30, 0, 0, 0.06%, 0, 0, 1, 2901.78
1669781395, 11364, 27, 30, 0, 0, 0.06%, 0, 0, 1, 2903.22
1669781400, 11382, 8, 30, 0, 0, 0.06%, 0, 0, 1, 2906.91
1669781405, 11396, 8, 30, 0, 0, 0.06%, 0, 0, 1, 2914.88
1669781411, 11407, 29, 30, 0, 0, 0.06%, 0, 0, 1, 2899.21
1669781416, 11419, 28, 30, 0, 0, 0.06%, 0, 0, 1, 2899.06
1669781421, 11436, 27, 30, 0, 0, 0.06%, 0, 0, 1, 2898.49
1669781426, 11456, 25, 30, 0, 0, 0.06%, 0, 0, 1, 2895.73
1669781431, 11467, 17, 30, 0, 0, 0.06%, 0, 0, 1, 2905.51
1669781436, 11481, 19, 30, 0, 0, 0.06%, 0, 0, 1, 2889.08
1669781442, 11493, 27, 30, 0, 0, 0.06%, 0, 0, 1, 2856.25
1669781447, 11509, 3, 30, 0, 0, 0.06%, 0, 0, 1, 2875.86
1669781452, 11524, 0, 30, 0, 0, 0.06%, 0, 0, 1, 2888.20
1669781457, 11540, 27, 30, 0, 0, 0.06%, 0, 0, 1, 2874.24
1669781462, 11555, 17, 30, 0, 0, 0.06%, 0, 0, 1, 2882.41
1669781467, 11571, 19, 30, 0, 0, 0.06%, 0, 0, 1, 2885.60
1669781472, 11584, 11, 30, 0, 0, 0.06%, 0, 0, 1, 2895.85
1669781477, 11596, 27, 30, 0, 0, 0.06%, 0, 0, 1, 2902.69
1669781483, 11617, 0, 30, 0, 0, 0.06%, 0, 0, 1, 2897.38
1669781488, 11630, 8, 30, 0, 0, 0.06%, 0, 0, 1, 2906.59
1669781493, 11643, 27, 30, 0, 0, 0.06%, 0, 0, 1, 2894.87
1669781498, 11659, 27, 30, 0, 0, 0.06%, 0, 0, 1, 2908.10
1669781503, 11674, 8, 30, 0, 0, 0.06%, 0, 0, 1, 2883.23
1669781508, 11687, 4, 30, 0, 0, 0.06%, 0, 0, 1, 2888.10
1669781514, 11700, 27, 30, 0, 0, 0.06%, 0, 0, 1, 2892.52
1669781519, 11716, 20, 30, 0, 0, 0.06%, 0, 0, 1, 2895.54
1669781524, 11728, 25, 30, 0, 0, 0.06%, 0, 0, 1, 2897.81
1669781529, 11745, 2, 30, 0, 0, 0.06%, 0, 0, 1, 2901.41
1669781534, 11759, 15, 30, 0, 0, 0.06%, 0, 0, 1, 2892.93
1669781539, 11772, 6, 30, 0, 0, 0.06%, 0, 0, 1, 2909.42
1669781545, 11790, 2, 30, 0, 0, 0.06%, 0, 0, 1, 2904.14
1669781550, 11803, 8, 30, 0, 0, 0.06%, 0, 0, 1, 2911.20
1669781555, 11818, 17, 30, 0, 0, 0.06%, 0, 0, 1, 2892.40
1669781560, 11836, 17, 30, 0, 0, 0.06%, 0, 0, 1, 2892.75
1669781565, 11852, 0, 30, 0, 0, 0.06%, 0, 0, 1, 2869.17
1669781570, 11868, 0, 30, 0, 0, 0.06%, 0, 0, 1, 2891.46
1669781575, 11880, 12, 30, 0, 0, 0.06%, 0, 0, 1, 2895.32
1669781581, 11894, 1, 30, 0, 0, 0.06%, 0, 0, 1, 2903.16
1669781586, 11906, 20, 30, 0, 0, 0.06%, 0, 0, 1, 2902.65
1669781591, 11921, 7, 30, 0, 0, 0.06%, 0, 0, 1, 2883.39
1669781596, 11937, 23, 30, 0, 0, 0.06%, 0, 0, 1, 2883.77
1669781601, 11952, 0, 30, 0, 0, 0.06%, 0, 0, 1, 2878.98
1669781606, 11963, 29, 30, 0, 0, 0.06%, 0, 0, 1, 2865.83
1669781612, 11973, 6, 30, 0, 0, 0.06%, 0, 0, 1, 2772.87
1669781617, 11988, 24, 30, 0, 0, 0.06%, 0, 0, 1, 2870.34
1669781622, 12001, 17, 30, 0, 0, 0.06%, 0, 0, 1, 2876.31
1669781627, 12017, 27, 30, 0, 0, 0.06%, 0, 0, 1, 2867.78
1669781632, 12030, 11, 30, 0, 0, 0.06%, 0, 0, 1, 2891.07
1669781637, 12047, 10, 30, 0, 0, 0.06%, 0, 0, 1, 2820.76
1669781643, 12057, 27, 30, 0, 0, 0.06%, 0, 0, 1, 2751.51
1669781648, 12077, 2, 30, 0, 0, 0.06%, 0, 0, 1, 2850.49
1669781653, 12091, 24, 30, 0, 0, 0.06%, 0, 0, 1, 2878.38
1669781658, 12109, 13, 30, 0, 0, 0.06%, 0, 0, 1, 2888.02
1669781663, 12119, 11, 30, 0, 0, 0.06%, 0, 0, 1, 2875.02
1669781668, 12135, 27, 30, 0, 0, 0.06%, 0, 0, 1, 2886.98
1669781673, 12147, 5, 30, 0, 0, 0.06%, 0, 0, 1, 2904.95
1669781678, 12161, 3, 30, 0, 0, 0.06%, 0, 0, 1, 2904.53
1669781683, 12176, 3, 30, 0, 0, 0.06%, 0, 0, 1, 2901.33
1669781689, 12190, 27, 30, 0, 0, 0.06%, 0, 0, 1, 2881.20
1669781694, 12202, 26, 30, 0, 0, 0.06%, 0, 0, 1, 2904.99
1669781699, 12218, 27, 30, 0, 0, 0.06%, 0, 0, 1, 2890.18
1669781704, 12230, 29, 30, 0, 0, 0.06%, 0, 0, 1, 2882.65
1669781709, 12245, 27, 30, 0, 0, 0.06%, 0, 0, 1, 2896.71
1669781714, 12259, 27, 30, 0, 0, 0.06%, 0, 0, 1, 2916.83
1669781720, 12276, 28, 30, 0, 0, 0.06%, 0, 0, 1, 2893.01
1669781725, 12292, 25, 30, 0, 0, 0.06%, 0, 0, 1, 2867.13
1669781730, 12305, 4, 30, 0, 0, 0.06%, 0, 0, 1, 2853.84
1669781735, 12321, 27, 30, 0, 0, 0.06%, 0, 0, 1, 2868.04
1669781740, 12334, 17, 30, 0, 0, 0.06%, 0, 0, 1, 2881.59
1669781745, 12349, 14, 30, 0, 0, 0.06%, 0, 0, 1, 2852.83
1669781751, 12367, 7, 30, 0, 0, 0.06%, 0, 0, 1, 2875.04
1669781756, 12386, 24, 30, 0, 0, 0.06%, 0, 0, 1, 2867.12
1669781761, 12401, 27, 30, 0, 0, 0.06%, 0, 0, 1, 2890.97
1669781766, 12411, 8, 30, 0, 0, 0.06%, 0, 0, 1, 2843.24
1669781771, 12422, 19, 30, 0, 0, 0.06%, 0, 0, 1, 2895.94
1669781776, 12439, 12, 30, 0, 0, 0.06%, 0, 0, 1, 2835.18
1669781781, 12450, 21, 30, 0, 0, 0.06%, 0, 0, 1, 2696.43
1669781786, 12464, 27, 30, 0, 0, 0.06%, 0, 0, 1, 2854.36
1669781791, 12478, 0, 30, 0, 0, 0.06%, 0, 0, 1, 2896.23
1669781797, 12490, 16, 30, 0, 0, 0.06%, 0, 0, 1, 2879.66
1669781802, 12506, 0, 30, 0, 0, 0.06%, 0, 0, 1, 2885.13
1669781807, 12520, 22, 30, 0, 0, 0.06%, 0, 0, 1, 2866.85
1669781812, 12531, 18, 30, 0, 0, 0.06%, 0, 0, 1, 2869.21
1669781817, 12548, 13, 30, 0, 0, 0.06%, 0, 0, 1, 2874.14
1669781822, 12561, 27, 30, 0, 0, 0.06%, 0, 0, 1, 2881.92
1669781827, 12575, 14, 30, 0, 0, 0.06%, 0, 0, 1, 2873.63
1669781832, 12586, 7, 30, 0, 0, 0.06%, 0, 0, 1, 2863.94
1669781837, 12603, 5, 30, 0, 0, 0.06%, 0, 0, 1, 2858.76
1669781843, 12612, 5, 30, 0, 0, 0.06%, 0, 0, 1, 2875.56
1669781848, 12626, 28, 30, 0, 0, 0.06%, 0, 0, 1, 2876.34
1669781853, 12642, 18, 30, 0, 0, 0.06%, 0, 0, 1, 2884.40
1669781858, 12656, 12, 30, 0, 0, 0.06%, 0, 0, 1, 2874.91
1669781863, 12675, 4, 30, 0, 0, 0.06%, 0, 0, 1, 2873.14
1669781868, 12690, 23, 30, 0, 0, 0.06%, 0, 0, 1, 2874.86
1669781874, 12701, 14, 30, 0, 0, 0.06%, 0, 0, 1, 2876.45
1669781879, 12715, 8, 30, 0, 0, 0.06%, 0, 0, 1, 2873.71
1669781884, 12728, 18, 30, 0, 0, 0.06%, 0, 0, 1, 2878.50
1669781889, 12742, 28, 30, 0, 0, 0.06%, 0, 0, 1, 2873.31
1669781894, 12753, 27, 30, 0, 0, 0.06%, 0, 0, 1, 2905.35
1669781899, 12765, 27, 30, 0, 0, 0.06%, 0, 0, 1, 2905.65
1669781904, 12778, 5, 30, 0, 0, 0.06%, 0, 0, 1, 2890.76
1669781910, 12787, 0, 30, 0, 0, 0.06%, 0, 0, 1, 2769.44
1669781915, 12802, 6, 30, 0, 0, 0.06%, 0, 0, 1, 2865.00
1669781920, 12814, 22, 30, 0, 0, 0.06%, 0, 0, 1, 2878.37
1669781925, 12826, 7, 30, 0, 0, 0.06%, 0, 0, 1, 2862.10
1669781930, 12839, 3, 30, 0, 0, 0.06%, 0, 0, 1, 2882.60
1669781936, 12856, 27, 30, 0, 0, 0.06%, 0, 0, 1, 2891.82
1669781941, 12874, 19, 30, 0, 0, 0.06%, 0, 0, 1, 2889.99
1669781946, 12885, 26, 30, 0, 0, 0.06%, 0, 0, 1, 2882.29
1669781951, 12899, 27, 30, 0, 0, 0.06%, 0, 0, 1, 2907.72
1669781956, 12912, 8, 30, 0, 0, 0.06%, 0, 0, 1, 2921.82
1669781961, 12928, 27, 30, 0, 0, 0.06%, 0, 0, 1, 2907.97
1669781967, 12942, 10, 30, 0, 0, 0.06%, 0, 0, 1, 2900.89
1669781972, 12959, 26, 30, 0, 0, 0.06%, 0, 0, 1, 2882.71
1669781977, 12975, 9, 30, 0, 0, 0.06%, 0, 0, 1, 2894.03
1669781982, 12988, 14, 30, 0, 0, 0.06%, 0, 0, 1, 2858.92
1669781987, 13001, 27, 30, 0, 0, 0.06%, 0, 0, 1, 2883.22
1669781992, 13013, 27, 30, 0, 0, 0.06%, 0, 0, 1, 2888.23
1669781997, 13031, 27, 30, 0, 0, 0.06%, 0, 0, 1, 2901.74
1669782002, 13049, 27, 30, 0, 0, 0.06%, 0, 0, 1, 2914.02
1669782008, 13062, 17, 30, 0, 0, 0.06%, 0, 0, 1, 2901.61
1669782013, 13078, 18, 30, 0, 0, 0.06%, 0, 0, 1, 2894.58
1669782018, 13092, 4, 30, 0, 0, 0.06%, 0, 0, 1, 2887.77
1669782023, 13110, 27, 30, 0, 0, 0.06%, 0, 0, 1, 2880.22
1669782028, 13122, 1, 30, 0, 0, 0.06%, 0, 0, 1, 2913.66
1669782034, 13138, 27, 30, 0, 0, 0.06%, 0, 0, 1, 2934.04
1669782039, 13149, 27, 30, 0, 0, 0.06%, 0, 0, 1, 2893.66
1669782044, 13164, 27, 30, 0, 0, 0.06%, 0, 0, 1, 2890.65
1669782049, 13177, 10, 30, 0, 0, 0.06%, 0, 0, 1, 2877.13
1669782054, 13191, 27, 30, 0, 0, 0.06%, 0, 0, 1, 2918.26
1669782059, 13206, 0, 30, 0, 0, 0.06%, 0, 0, 1, 2939.40
1669782064, 13218, 20, 30, 0, 0, 0.06%, 0, 0, 1, 2888.31
1669782069, 13229, 8, 30, 0, 0, 0.06%, 0, 0, 1, 2916.06
1669782075, 13243, 14, 30, 0, 0, 0.06%, 0, 0, 1, 2917.83
1669782080, 13257, 4, 30, 0, 0, 0.06%, 0, 0, 1, 2906.06
1669782085, 13271, 6, 30, 0, 0, 0.06%, 0, 0, 1, 2903.56
1669782090, 13284, 27, 30, 0, 0, 0.06%, 0, 0, 1, 2925.36
1669782095, 13297, 27, 30, 0, 0, 0.06%, 0, 0, 1, 2914.11
1669782101, 13314, 9, 30, 0, 0, 0.06%, 0, 0, 1, 2904.73
1669782106, 13331, 17, 30, 0, 0, 0.06%, 0, 0, 1, 2875.62
1669782111, 13349, 1, 30, 0, 0, 0.06%, 0, 0, 1, 2887.68
1669782116, 13359, 0, 30, 0, 0, 0.06%, 0, 0, 1, 2927.67
1669782121, 13368, 29, 30, 0, 0, 0.06%, 0, 0, 1, 2892.09
1669782126, 13381, 13, 30, 0, 0, 0.06%, 0, 0, 1, 2900.80
1669782132, 13397, 28, 30, 0, 0, 0.06%, 0, 0, 1, 2892.10
1669782137, 13412, 27, 30, 0, 0, 0.06%, 0, 0, 1, 2910.29
1669782142, 13428, 27, 30, 0, 0, 0.06%, 0, 0, 1, 2912.36
1669782147, 13444, 19, 30, 0, 0, 0.06%, 0, 0, 1, 2899.12
1669782152, 13460, 8, 30, 0, 0, 0.06%, 0, 0, 1, 2930.58
1669782158, 13472, 27, 30, 0, 0, 0.06%, 0, 0, 1, 2904.57
1669782163, 13484, 27, 30, 0, 0, 0.06%, 0, 0, 1, 2894.21
1669782168, 13500, 27, 30, 0, 0, 0.06%, 0, 0, 1, 2871.61
1669782173, 13512, 6, 30, 0, 0, 0.06%, 0, 0, 1, 2904.56
1669782178, 13525, 9, 30, 0, 0, 0.06%, 0, 0, 1, 2905.56
1669782183, 13543, 6, 30, 0, 0, 0.06%, 0, 0, 1, 2885.04
1669782188, 13555, 24, 30, 0, 0, 0.06%, 0, 0, 1, 2906.27
1669782193, 13569, 6, 30, 0, 0, 0.06%, 0, 0, 1, 2909.20
1669782199, 13583, 18, 30, 0, 0, 0.06%, 0, 0, 1, 2901.31
1669782204, 13601, 1, 30, 0, 0, 0.06%, 0, 0, 1, 2902.16
1669782209, 13610, 27, 30, 0, 0, 0.06%, 0, 0, 1, 2871.83
1669782214, 13627, 29, 30, 0, 0, 0.06%, 0, 0, 1, 2878.19
1669782219, 13639, 27, 30, 0, 0, 0.06%, 0, 0, 1, 2833.61
1669782224, 13652, 9, 30, 0, 0, 0.06%, 0, 0, 1, 2813.13
1669782229, 13666, 27, 30, 0, 0, 0.06%, 0, 0, 1, 2875.92
1669782234, 13679, 25, 30, 0, 0, 0.06%, 0, 0, 1, 2897.68
1669782239, 13692, 27, 30, 0, 0, 0.06%, 0, 0, 1, 2912.03
1669782245, 13711, 4, 30, 0, 0, 0.06%, 0, 0, 1, 2909.20
1669782250, 13726, 27, 30, 0, 0, 0.06%, 0, 0, 1, 2902.03
1669782255, 13742, 27, 30, 0, 0, 0.06%, 0, 0, 1, 2911.15
1669782260, 13752, 27, 30, 0, 0, 0.06%, 0, 0, 1, 2903.04
1669782265, 13766, 4, 30, 0, 0, 0.06%, 0, 0, 1, 2894.00
1669782270, 13779, 10, 30, 0, 0, 0.06%, 0, 0, 1, 2896.83
1669782276, 13793, 9, 30, 0, 0, 0.06%, 0, 0, 1, 2900.34
1669782281, 13804, 27, 30, 0, 0, 0.06%, 0, 0, 1, 2899.60
1669782286, 13820, 19, 30, 0, 0, 0.06%, 0, 0, 1, 2902.53
1669782291, 13833, 13, 30, 0, 0, 0.06%, 0, 0, 1, 2905.59
1669782296, 13844, 27, 30, 0, 0, 0.06%, 0, 0, 1, 2915.48
1669782301, 13855, 19, 30, 0, 0, 0.06%, 0, 0, 1, 2902.96
1669782307, 13867, 27, 30, 0, 0, 0.06%, 0, 0, 1, 2894.27
1669782312, 13880, 27, 30, 0, 0, 0.06%, 0, 0, 1, 2884.76
1669782317, 13897, 14, 30, 0, 0, 0.06%, 0, 0, 1, 2908.16
1669782322, 13911, 29, 30, 0, 0, 0.06%, 0, 0, 1, 2890.09
1669782327, 13923, 27, 30, 0, 0, 0.06%, 0, 0, 1, 2904.95
1669782332, 13940, 26, 30, 0, 0, 0.06%, 0, 0, 1, 2904.39
1669782337, 13952, 27, 30, 0, 0, 0.06%, 0, 0, 1, 2903.72
1669782343, 13966, 24, 30, 0, 0, 0.06%, 0, 0, 1, 2892.64
1669782348, 13984, 8, 30, 0, 0, 0.06%, 0, 0, 1, 2883.88
1669782353, 14001, 0, 30, 0, 0, 0.06%, 0, 0, 1, 2884.00
1669782358, 14015, 27, 30, 0, 0, 0.06%, 0, 0, 1, 2892.10
1669782363, 14026, 0, 30, 0, 0, 0.06%, 0, 0, 1, 2894.63
1669782368, 14036, 20, 30, 0, 0, 0.06%, 0, 0, 1, 2888.15
1669782373, 14049, 22, 30, 0, 0, 0.06%, 0, 0, 1, 2898.25
1669782379, 14061, 13, 30, 0, 0, 0.06%, 0, 0, 1, 2894.31
1669782384, 14075, 2, 30, 0, 0, 0.06%, 0, 0, 1, 2903.18
1669782389, 14090, 28, 30, 0, 0, 0.06%, 0, 0, 1, 2916.46
1669782394, 14107, 13, 30, 0, 0, 0.06%, 0, 0, 1, 2906.39
1669782399, 14118, 24, 30, 0, 0, 0.06%, 0, 0, 1, 2884.72
1669782404, 14132, 16, 30, 0, 0, 0.06%, 0, 0, 1, 2915.94
1669782409, 14147, 17, 30, 0, 0, 0.06%, 0, 0, 1, 2894.39
1669782414, 14156, 19, 30, 0, 0, 0.06%, 0, 0, 1, 2910.46
1669782420, 14173, 19, 30, 0, 0, 0.06%, 0, 0, 1, 2920.81
1669782425, 14190, 13, 30, 0, 0, 0.06%, 0, 0, 1, 2871.17
1669782430, 14202, 25, 30, 0, 0, 0.06%, 0, 0, 1, 2837.37
1669782435, 14216, 27, 30, 0, 0, 0.06%, 0, 0, 1, 2895.02
1669782440, 14231, 20, 30, 0, 0, 0.06%, 0, 0, 1, 2918.42
1669782445, 14247, 24, 30, 0, 0, 0.06%, 0, 0, 1, 2914.17
1669782450, 14264, 29, 30, 0, 0, 0.06%, 0, 0, 1, 2927.46
1669782456, 14277, 13, 30, 0, 0, 0.06%, 0, 0, 1, 2917.85
1669782461, 14292, 27, 30, 0, 0, 0.06%, 0, 0, 1, 2878.41
1669782466, 14306, 23, 30, 0, 0, 0.06%, 0, 0, 1, 2908.94
1669782471, 14321, 27, 30, 0, 0, 0.06%, 0, 0, 1, 2912.22
1669782476, 14337, 14, 30, 0, 0, 0.06%, 0, 0, 1, 2919.65
1669782482, 14350, 23, 30, 0, 0, 0.06%, 0, 0, 1, 2915.65
1669782487, 14364, 1, 30, 0, 0, 0.06%, 0, 0, 1, 2904.53
1669782492, 14379, 4, 30, 0, 0, 0.06%, 0, 0, 1, 2903.26
1669782497, 14391, 27, 30, 0, 0, 0.06%, 0, 0, 1, 2908.51
1669782502, 14407, 27, 30, 0, 0, 0.06%, 0, 0, 1, 2899.37
1669782507, 14428, 27, 30, 0, 0, 0.06%, 0, 0, 1, 2845.48
1669782512, 14442, 10, 30, 0, 0, 0.06%, 0, 0, 1, 2852.08
1669782517, 14458, 8, 30, 0, 0, 0.06%, 0, 0, 1, 2913.15
1669782523, 14469, 18, 30, 0, 0, 0.06%, 0, 0, 1, 2901.85
1669782528, 14483, 27, 30, 0, 0, 0.06%, 0, 0, 1, 2868.90
1669782533, 14502, 7, 30, 0, 0, 0.06%, 0, 0, 1, 2893.80
1669782538, 14519, 1, 30, 0, 0, 0.06%, 0, 0, 1, 2900.54
1669782543, 14533, 27, 30, 0, 0, 0.06%, 0, 0, 1, 2893.69
1669782548, 14550, 27, 30, 0, 0, 0.06%, 0, 0, 1, 2899.84
1669782554, 14566, 18, 30, 0, 0, 0.06%, 0, 0, 1, 2901.61
1669782559, 14579, 27, 30, 0, 0, 0.06%, 0, 0, 1, 2885.43
1669782564, 14594, 23, 30, 0, 0, 0.06%, 0, 0, 1, 2895.49
1669782569, 14604, 12, 30, 0, 0, 0.06%, 0, 0, 1, 2873.74
1669782574, 14616, 27, 30, 0, 0, 0.06%, 0, 0, 1, 2880.18
1669782579, 14632, 19, 30, 0, 0, 0.06%, 0, 0, 1, 2905.75
1669782584, 14649, 20, 30, 0, 0, 0.06%, 0, 0, 1, 2889.33
1669782589, 14667, 26, 30, 0, 0, 0.06%, 0, 0, 1, 2882.28
1669782595, 14682, 27, 30, 0, 0, 0.06%, 0, 0, 1, 2879.65
1669782600, 14698, 18, 30, 0, 0, 0.06%, 0, 0, 1, 2880.18
1669782605, 14710, 28, 30, 0, 0, 0.06%, 0, 0, 1, 2892.75
1669782610, 14722, 6, 30, 0, 0, 0.06%, 0, 0, 1, 2946.45
1669782615, 14734, 25, 30, 0, 0, 0.06%, 0, 0, 1, 2914.11
1669782620, 14750, 8, 30, 0, 0, 0.06%, 0, 0, 1, 2912.16
1669782625, 14760, 28, 30, 0, 0, 0.06%, 0, 0, 1, 2919.88
1669782630, 14775, 0, 30, 0, 0, 0.06%, 0, 0, 1, 2897.07
1669782636, 14783, 27, 30, 0, 0, 0.06%, 0, 0, 1, 2865.12
1669782641, 14798, 23, 30, 0, 0, 0.06%, 0, 0, 1, 2886.54
1669782646, 14810, 27, 30, 0, 0, 0.06%, 0, 0, 1, 2880.54
1669782651, 14823, 0, 30, 0, 0, 0.06%, 0, 0, 1, 2871.64
1669782656, 14837, 7, 30, 0, 0, 0.06%, 0, 0, 1, 2865.18
1669782661, 14851, 29, 30, 0, 0, 0.06%, 0, 0, 1, 2886.51
1669782666, 14863, 27, 30, 0, 0, 0.06%, 0, 0, 1, 2891.36
1669782672, 14878, 4, 30, 0, 0, 0.06%, 0, 0, 1, 2899.39
1669782677, 14892, 20, 30, 0, 0, 0.06%, 0, 0, 1, 2888.41
1669782682, 14909, 1, 30, 0, 0, 0.06%, 0, 0, 1, 2893.83
1669782687, 14925, 29, 30, 0, 0, 0.06%, 0, 0, 1, 2893.24
1669782692, 14939, 1, 30, 0, 0, 0.06%, 0, 0, 1, 2913.15
1669782697, 14948, 27, 30, 0, 0, 0.06%, 0, 0, 1, 2894.93
1669782702, 14960, 27, 30, 0, 0, 0.06%, 0, 0, 1, 2922.91
1669782707, 14974, 29, 30, 0, 0, 0.06%, 0, 0, 1, 2893.05
1669782713, 14985, 6, 30, 0, 0, 0.06%, 0, 0, 1, 2880.97
1669782718, 14996, 24, 30, 0, 0, 0.06%, 0, 0, 1, 2871.31
1669782723, 15014, 18, 30, 0, 0, 0.06%, 0, 0, 1, 2877.43
1669782728, 15028, 2, 30, 0, 0, 0.06%, 0, 0, 1, 2884.44
1669782733, 15045, 16, 30, 0, 0, 0.06%, 0, 0, 1, 2884.97
1669782738, 15058, 27, 30, 0, 0, 0.06%, 0, 0, 1, 2875.84
1669782743, 15076, 27, 30, 0, 0, 0.06%, 0, 0, 1, 2887.09
1669782749, 15094, 2, 30, 0, 0, 0.06%, 0, 0, 1, 2882.46
1669782754, 15107, 12, 30, 0, 0, 0.06%, 0, 0, 1, 2880.90
1669782759, 15119, 27, 30, 0, 0, 0.06%, 0, 0, 1, 2912.34
1669782764, 15135, 4, 30, 0, 0, 0.06%, 0, 0, 1, 2905.16
1669782769, 15150, 27, 30, 0, 0, 0.06%, 0, 0, 1, 2895.47
1669782774, 15169, 29, 30, 0, 0, 0.06%, 0, 0, 1, 2865.93
1669782779, 15184, 12, 30, 0, 0, 0.06%, 0, 0, 1, 2894.22
1669782785, 15195, 27, 30, 0, 0, 0.06%, 0, 0, 1, 2884.74
1669782790, 15211, 27, 30, 0, 0, 0.06%, 0, 0, 1, 2887.93
1669782795, 15231, 27, 30, 0, 0, 0.06%, 0, 0, 1, 2930.62
1669782800, 15246, 28, 30, 0, 0, 0.06%, 0, 0, 1, 2920.00
1669782805, 15261, 27, 30, 0, 0, 0.06%, 0, 0, 1, 2911.81
1669782810, 15280, 18, 30, 0, 0, 0.06%, 0, 0, 1, 2845.55
1669782816, 15295, 27, 30, 0, 0, 0.06%, 0, 0, 1, 2907.27
1669782821, 15310, 27, 30, 0, 0, 0.06%, 0, 0, 1, 2918.62
1669782826, 15322, 10, 30, 0, 0, 0.06%, 0, 0, 1, 2919.79
1669782831, 15334, 19, 30, 0, 0, 0.06%, 0, 0, 1, 2876.61
1669782836, 15346, 9, 30, 0, 0, 0.06%, 0, 0, 1, 2892.80
1669782841, 15359, 26, 30, 0, 0, 0.06%, 0, 0, 1, 2891.21
1669782847, 15375, 27, 30, 0, 0, 0.06%, 0, 0, 1, 2931.32
1669782852, 15389, 0, 30, 0, 0, 0.06%, 0, 0, 1, 2905.37
1669782857, 15402, 29, 30, 0, 0, 0.06%, 0, 0, 1, 2897.25
1669782862, 15416, 23, 30, 0, 0, 0.06%, 0, 0, 1, 2884.29
1669782867, 15427, 18, 30, 0, 0, 0.06%, 0, 0, 1, 2896.54
1669782872, 15442, 23, 30, 0, 0, 0.06%, 0, 0, 1, 2888.83
1669782878, 15459, 28, 30, 0, 0, 0.06%, 0, 0, 1, 2889.29
1669782883, 15480, 3, 30, 0, 0, 0.06%, 0, 0, 1, 2891.11
1669782888, 15496, 27, 30, 0, 0, 0.06%, 0, 0, 1, 2885.60
1669782893, 15513, 7, 30, 0, 0, 0.06%, 0, 0, 1, 2886.48
1669782898, 15528, 23, 30, 0, 0, 0.06%, 0, 0, 1, 2916.71
1669782903, 15542, 23, 30, 0, 0, 0.06%, 0, 0, 1, 2905.94
1669782908, 15559, 5, 30, 0, 0, 0.06%, 0, 0, 1, 2890.43
1669782914, 15573, 10, 30, 0, 0, 0.06%, 0, 0, 1, 2904.05
1669782919, 15589, 1, 30, 0, 0, 0.06%, 0, 0, 1, 2902.36
1669782924, 15600, 6, 30, 0, 0, 0.06%, 0, 0, 1, 2902.25
1669782929, 15617, 2, 30, 0, 0, 0.06%, 0, 0, 1, 2904.49
1669782934, 15627, 2, 30, 0, 0, 0.06%, 0, 0, 1, 2888.10
1669782939, 15641, 6, 30, 0, 0, 0.06%, 0, 0, 1, 2889.90
1669782945, 15652, 1, 30, 0, 0, 0.06%, 0, 0, 1, 2891.71
1669782950, 15666, 4, 30, 0, 0, 0.06%, 0, 0, 1, 2873.96
1669782955, 15679, 27, 30, 0, 0, 0.06%, 0, 0, 1, 2884.27
1669782960, 15694, 11, 30, 0, 0, 0.06%, 0, 0, 1, 2861.94
1669782965, 15715, 6, 30, 0, 0, 0.06%, 0, 0, 1, 2879.28
1669782970, 15729, 12, 30, 0, 0, 0.06%, 0, 0, 1, 2902.86
1669782976, 15741, 23, 30, 0, 0, 0.06%, 0, 0, 1, 2890.52
1669782981, 15758, 10, 30, 0, 0, 0.06%, 0, 0, 1, 2885.81
1669782986, 15770, 12, 30, 0, 0, 0.06%, 0, 0, 1, 2886.63
1669782991, 15785, 27, 30, 0, 0, 0.06%, 0, 0, 1, 2887.80
1669782996, 15799, 15, 30, 0, 0, 0.06%, 0, 0, 1, 2890.56
1669783001, 15813, 12, 30, 0, 0, 0.06%, 0, 0, 1, 2900.32
1669783007, 15827, 27, 30, 0, 0, 0.06%, 0, 0, 1, 2921.50
1669783012, 15837, 27, 30, 0, 0, 0.06%, 0, 0, 1, 2875.28
1669783017, 15858, 4, 30, 0, 0, 0.06%, 0, 0, 1, 2916.57
1669783022, 15869, 6, 30, 0, 0, 0.06%, 0, 0, 1, 2889.10
1669783027, 15881, 3, 30, 0, 0, 0.06%, 0, 0, 1, 2927.81
1669783032, 15894, 1, 30, 0, 0, 0.06%, 0, 0, 1, 2903.95
1669783037, 15904, 7, 30, 0, 0, 0.06%, 0, 0, 1, 2927.65
1669783043, 15918, 14, 30, 0, 0, 0.06%, 0, 0, 1, 2887.69
1669783048, 15931, 4, 30, 0, 0, 0.06%, 0, 0, 1, 2898.09
1669783053, 15946, 10, 30, 0, 0, 0.06%, 0, 0, 1, 2638.79
1669783058, 15958, 29, 30, 0, 0, 0.06%, 0, 0, 1, 2526.24
1669783063, 15970, 2, 30, 0, 0, 0.06%, 0, 0, 1, 2478.96
1669783068, 15984, 16, 30, 0, 0, 0.06%, 0, 0, 1, 2642.81
