# unix_time, cycles_done, cur_path, paths_total, pending_total, pending_favs, map_size, unique_crashes, unique_hangs, max_depth, execs_per_sec
1669738952, 0, 0, 2, 2, 2, 0.96%, 0, 0, 1, 1142.86
1669738957, 0, 0, 95, 95, 2, 1.82%, 0, 0, 2, 1328.83
1669738962, 0, 0, 110, 110, 2, 1.88%, 0, 0, 2, 1375.41
1669738967, 0, 0, 119, 119, 2, 1.94%, 0, 0, 2, 1411.54
1669738972, 0, 0, 122, 122, 2, 1.94%, 0, 0, 2, 1438.34
1669738988, 0, 0, 126, 126, 2, 1.95%, 0, 0, 2, 1215.71
1669738993, 0, 0, 133, 133, 2, 1.98%, 0, 0, 2, 1248.62
1669738998, 0, 0, 186, 186, 2, 2.03%, 0, 0, 2, 1315.48
1669739003, 0, 0, 201, 201, 2, 2.03%, 0, 0, 2, 1361.06
1669739008, 0, 0, 213, 213, 2, 2.05%, 0, 0, 2, 1328.59
1669739013, 0, 1, 225, 224, 80, 2.10%, 0, 0, 2, 1377.23
1669739018, 0, 1, 226, 225, 80, 2.11%, 0, 0, 2, 1378.55
1669739023, 0, 4, 226, 223, 81, 2.11%, 0, 0, 2, 1432.95
1669739028, 0, 5, 226, 222, 80, 2.11%, 0, 0, 2, 1452.76
1669739039, 0, 7, 226, 221, 79, 2.11%, 0, 0, 2, 1416.10
1669739044, 0, 21, 233, 227, 78, 2.14%, 0, 0, 3, 1300.65
1669739049, 0, 21, 237, 231, 78, 2.15%, 0, 0, 3, 1254.89
1669739079, 0, 21, 238, 232, 78, 2.16%, 0, 0, 3, 1239.67
1669739085, 0, 22, 242, 235, 81, 2.16%, 0, 0, 3, 1256.15
1669739090, 0, 22, 243, 236, 81, 2.16%, 0, 0, 3, 1194.20
1669739095, 0, 22, 244, 237, 81, 2.16%, 0, 0, 3, 1217.60
1669739115, 0, 22, 245, 238, 81, 2.16%, 0, 0, 3, 1346.67
1669739120, 0, 23, 245, 237, 80, 2.16%, 0, 0, 3, 1285.52
1669739125, 0, 23, 248, 240, 80, 2.17%, 0, 0, 3, 1231.90
1669739130, 0, 23, 249, 241, 80, 2.17%, 0, 0, 3, 1256.79
1669739161, 0, 23, 250, 242, 80, 2.17%, 0, 0, 3, 1376.64
1669739166, 0, 23, 257, 249, 80, 2.17%, 0, 0, 3, 1455.06
1669739171, 0, 23, 262, 254, 80, 2.17%, 0, 0, 3, 1475.36
1669739176, 0, 23, 268, 260, 80, 2.21%, 0, 0, 3, 1501.91
1669739181, 0, 23, 272, 264, 80, 2.23%, 0, 0, 3, 1511.89
1669739186, 0, 26, 275, 266, 88, 2.24%, 0, 0, 3, 1503.88
1669739196, 0, 41, 276, 266, 89, 2.24%, 0, 0, 3, 1524.25
1669739201, 0, 41, 277, 267, 89, 2.26%, 0, 0, 3, 1522.57
1669739226, 0, 42, 281, 270, 90, 2.27%, 0, 0, 3, 1386.45
1669739257, 0, 43, 288, 276, 91, 2.30%, 0, 0, 3, 1445.24
1669739292, 0, 43, 289, 277, 91, 2.30%, 0, 0, 3, 1314.71
1669739297, 0, 43, 296, 284, 91, 2.32%, 0, 0, 3, 1353.84
1669739302, 0, 43, 300, 288, 91, 2.33%, 0, 0, 3, 1410.12
1669739307, 0, 43, 303, 291, 91, 2.33%, 0, 0, 3, 1458.55
1669739312, 0, 43, 307, 295, 91, 2.34%, 0, 0, 3, 1505.00
1669739317, 0, 46, 308, 295, 102, 2.34%, 0, 0, 3, 1418.39
1669739323, 0, 46, 311, 298, 102, 2.35%, 0, 0, 3, 1382.88
1669739358, 0, 69, 317, 303, 103, 2.35%, 0, 0, 3, 1410.56
1669739363, 0, 69, 318, 304, 103, 2.35%, 0, 0, 3, 1400.10
1669739369, 0, 69, 321, 307, 103, 2.36%, 0, 0, 3, 1291.91
1669739399, 0, 72, 321, 306, 106, 2.36%, 0, 0, 3, 1462.65
1669739404, 0, 72, 322, 307, 106, 2.36%, 0, 0, 3, 1539.79
1669739409, 0, 72, 323, 308, 106, 2.36%, 0, 0, 3, 1559.35
1669739425, 0, 74, 327, 311, 106, 2.39%, 0, 0, 3, 1536.93
1669739430, 0, 74, 341, 325, 106, 2.46%, 0, 0, 3, 1520.33
1669739435, 0, 74, 342, 326, 106, 2.46%, 0, 0, 3, 1481.40
1669739440, 0, 74, 345, 329, 106, 2.47%, 0, 0, 3, 1416.47
1669739445, 0, 74, 346, 330, 106, 2.48%, 0, 0, 3, 1375.84
1669739450, 0, 75, 347, 330, 117, 2.48%, 0, 0, 3, 1397.84
1669739455, 0, 81, 348, 330, 116, 2.48%, 0, 0, 3, 1414.74
1669739460, 0, 81, 352, 334, 116, 2.49%, 0, 0, 3, 1353.23
1669739465, 0, 81, 353, 335, 116, 2.49%, 0, 0, 3, 1394.08
1669739490, 0, 81, 354, 336, 116, 2.49%, 0, 0, 3, 1416.61
1669739495, 0, 84, 355, 336, 117, 2.49%, 0, 0, 3, 1428.36
1669739501, 0, 84, 357, 338, 117, 2.49%, 0, 0, 3, 1421.31
1669739506, 0, 84, 358, 339, 117, 2.49%, 0, 0, 3, 1409.79
1669739531, 0, 84, 360, 341, 117, 2.49%, 0, 0, 3, 1426.35
1669739536, 0, 87, 361, 341, 118, 2.49%, 0, 0, 3, 1430.72
1669739541, 0, 87, 362, 342, 118, 2.49%, 0, 0, 3, 1429.16
1669739577, 0, 88, 373, 352, 118, 2.52%, 0, 0, 3, 1401.75
1669739582, 0, 88, 374, 353, 118, 2.52%, 0, 0, 3, 1414.11
1669739617, 0, 89, 377, 355, 124, 2.56%, 0, 0, 3, 1478.46
1669739642, 0, 92, 377, 354, 125, 2.56%, 0, 0, 3, 1433.48
1669739647, 0, 99, 380, 356, 124, 2.56%, 0, 0, 3, 1496.12
1669739653, 0, 99, 384, 360, 124, 2.56%, 0, 0, 3, 1383.12
1669739658, 0, 99, 389, 365, 124, 2.56%, 0, 0, 3, 1275.73
1669739683, 0, 99, 390, 366, 124, 2.57%, 0, 0, 3, 1370.46
1669739693, 0, 101, 393, 368, 126, 2.57%, 0, 0, 3, 1359.07
1669739698, 0, 101, 394, 369, 126, 2.57%, 0, 0, 3, 1342.40
1669739729, 0, 102, 394, 368, 127, 2.57%, 0, 0, 3, 1377.84
1669739734, 0, 102, 395, 369, 127, 2.57%, 0, 0, 3, 1455.65
1669739739, 0, 102, 398, 372, 127, 2.57%, 0, 0, 3, 1475.35
1669739769, 0, 104, 400, 373, 127, 2.57%, 0, 0, 3, 1403.97
1669739774, 0, 104, 401, 374, 127, 2.57%, 0, 0, 3, 1358.28
1669739779, 0, 104, 403, 376, 127, 2.58%, 0, 0, 3, 1314.99
1669739810, 0, 106, 404, 376, 129, 2.58%, 0, 0, 3, 1412.30
1669739815, 0, 106, 406, 378, 129, 2.58%, 0, 0, 3, 1411.71
1669739846, 0, 106, 407, 379, 129, 2.58%, 0, 0, 3, 1402.49
1669739851, 0, 107, 409, 380, 129, 2.58%, 0, 0, 3, 1394.58
1669739856, 0, 107, 410, 381, 129, 2.58%, 0, 0, 3, 1327.85
1669739887, 0, 107, 411, 382, 129, 2.59%, 0, 0, 3, 1398.86
1669739892, 0, 108, 416, 386, 129, 2.59%, 0, 0, 3, 1388.18
1669739897, 0, 108, 418, 388, 129, 2.59%, 0, 0, 3, 1397.79
1669739927, 0, 108, 420, 390, 129, 2.60%, 0, 0, 3, 1337.53
1669739933, 0, 109, 421, 390, 131, 2.60%, 0, 0, 3, 1371.10
1669739948, 0, 111, 424, 392, 130, 2.60%, 0, 0, 3, 1475.04
1669739953, 0, 111, 425, 393, 130, 2.60%, 0, 0, 3, 1487.87
1669739973, 0, 112, 426, 393, 131, 2.60%, 0, 0, 3, 1454.21
1669739978, 0, 112, 428, 395, 131, 2.61%, 0, 0, 3, 1413.43
1669739988, 0, 112, 430, 397, 131, 2.61%, 0, 0, 3, 1317.85
1669740014, 0, 113, 434, 400, 133, 2.62%, 0, 0, 3, 1406.30
1669740019, 0, 113, 435, 401, 133, 2.62%, 0, 0, 3, 1403.87
1669740029, 0, 113, 436, 402, 133, 2.62%, 0, 0, 3, 1411.47
1669740054, 0, 113, 439, 405, 133, 2.62%, 0, 0, 3, 1269.91
1669740060, 0, 119, 439, 404, 134, 2.62%, 0, 0, 3, 1264.46
1669740090, 0, 120, 441, 405, 133, 2.62%, 0, 0, 3, 1427.56
1669740110, 0, 120, 442, 406, 133, 2.62%, 0, 0, 3, 1374.62
1669740115, 0, 126, 442, 405, 131, 2.62%, 0, 0, 3, 1451.24
1669740120, 0, 128, 451, 413, 133, 2.65%, 0, 0, 3, 1406.89
1669740125, 0, 128, 456, 418, 133, 2.70%, 0, 0, 3, 1302.13
1669740130, 0, 128, 457, 419, 133, 2.70%, 0, 0, 3, 1232.93
1669740135, 0, 128, 459, 421, 133, 2.70%, 0, 0, 3, 1337.95
1669740141, 0, 128, 465, 427, 133, 2.71%, 0, 0, 3, 1379.39
1669740146, 0, 128, 466, 428, 133, 2.71%, 0, 0, 3, 1407.29
1669740151, 0, 128, 467, 429, 133, 2.72%, 0, 0, 3, 1408.35
1669740156, 0, 128, 469, 431, 133, 2.73%, 0, 0, 3, 1409.93
1669740161, 0, 128, 470, 432, 133, 2.73%, 0, 0, 3, 1419.43
1669740166, 0, 131, 471, 432, 146, 2.73%, 0, 0, 3, 1405.73
1669740191, 0, 132, 472, 432, 146, 2.73%, 0, 0, 3, 1400.33
1669740222, 0, 134, 472, 431, 145, 2.73%, 0, 0, 3, 1463.04
1669740247, 0, 138, 472, 430, 144, 2.73%, 0, 0, 3, 1471.05
1669740262, 0, 141, 473, 430, 143, 2.73%, 0, 0, 3, 1484.05
1669740267, 0, 149, 473, 429, 142, 2.73%, 0, 0, 3, 1442.64
1669740272, 0, 156, 476, 431, 141, 2.73%, 0, 0, 3, 1472.39
1669740277, 0, 156, 485, 440, 141, 2.73%, 0, 0, 3, 1430.96
1669740282, 0, 156, 491, 446, 141, 2.73%, 0, 0, 3, 1429.98
1669740308, 0, 157, 492, 446, 140, 2.73%, 0, 0, 3, 1493.71
1669740318, 0, 158, 492, 445, 139, 2.73%, 0, 0, 3, 1496.65
1669740323, 0, 158, 493, 446, 139, 2.73%, 0, 0, 3, 1510.66
1669740328, 0, 158, 494, 447, 139, 2.73%, 0, 0, 3, 1432.72
1669740348, 0, 164, 494, 446, 138, 2.73%, 0, 0, 3, 1505.13
1669740384, 0, 168, 494, 445, 137, 2.73%, 0, 0, 3, 1498.69
1669740394, 0, 172, 494, 444, 136, 2.73%, 0, 0, 3, 1508.43
1669740409, 0, 177, 495, 444, 135, 2.74%, 0, 0, 3, 1557.01
1669740414, 0, 179, 497, 445, 136, 2.76%, 0, 0, 3, 1564.36
1669740425, 0, 195, 498, 445, 135, 2.76%, 0, 0, 3, 1577.70
1669740430, 0, 201, 498, 444, 135, 2.76%, 0, 0, 3, 1509.36
1669740460, 0, 204, 499, 444, 134, 2.76%, 0, 0, 3, 1489.11
1669740470, 0, 204, 502, 447, 134, 2.76%, 0, 0, 3, 1499.15
1669740475, 0, 207, 502, 446, 135, 2.76%, 0, 0, 3, 1510.66
1669740501, 0, 210, 502, 445, 134, 2.76%, 0, 0, 3, 1488.31
1669740511, 0, 211, 504, 446, 133, 2.76%, 0, 0, 3, 1447.49
1669740541, 0, 211, 505, 447, 133, 2.76%, 0, 0, 3, 1402.86
1669740546, 0, 211, 506, 448, 133, 2.76%, 0, 0, 3, 1419.56
1669740551, 0, 213, 507, 448, 133, 2.76%, 0, 0, 3, 1524.07
1669740556, 0, 215, 512, 452, 132, 2.76%, 0, 0, 3, 1537.85
1669740562, 0, 215, 515, 455, 132, 2.76%, 0, 0, 3, 1502.65
1669740587, 0, 216, 515, 454, 131, 2.76%, 0, 0, 3, 1443.51
1669740592, 0, 218, 517, 455, 130, 2.76%, 0, 0, 3, 1528.58
1669740617, 0, 221, 517, 454, 130, 2.76%, 0, 0, 3, 1492.23
1669740653, 0, 222, 521, 457, 129, 2.77%, 0, 0, 3, 1455.42
1669740658, 0, 222, 531, 467, 129, 2.79%, 0, 0, 3, 1498.31
1669740663, 0, 222, 535, 471, 129, 2.79%, 0, 0, 3, 1486.65
1669740668, 0, 222, 536, 472, 129, 2.79%, 0, 0, 3, 1521.04
1669740673, 0, 224, 538, 472, 133, 2.84%, 0, 0, 3, 1522.21
1669740678, 0, 230, 538, 470, 131, 2.84%, 0, 0, 3, 1567.87
1669740698, 0, 235, 538, 469, 130, 2.84%, 0, 0, 3, 1535.97
1669740703, 0, 235, 539, 470, 130, 2.84%, 0, 0, 4, 1408.15
1669740709, 0, 235, 540, 471, 130, 2.84%, 0, 0, 4, 1403.20
1669740744, 0, 236, 543, 473, 129, 2.84%, 0, 0, 4, 1420.19
1669740749, 0, 236, 544, 474, 129, 2.84%, 0, 0, 4, 1435.59
1669740780, 0, 244, 544, 473, 129, 2.84%, 0, 0, 4, 1432.12
1669740790, 0, 250, 544, 472, 128, 2.84%, 0, 0, 4, 1510.47
1669740805, 0, 251, 545, 472, 127, 2.84%, 0, 0, 4, 1486.41
1669740810, 0, 251, 549, 476, 127, 2.84%, 0, 0, 4, 1465.24
1669740835, 0, 266, 549, 475, 125, 2.84%, 0, 0, 4, 1512.42
1669740861, 0, 267, 550, 475, 125, 2.84%, 0, 0, 4, 1524.65
1669740896, 0, 273, 551, 475, 124, 2.84%, 0, 0, 4, 1469.18
1669740916, 0, 274, 552, 475, 125, 2.84%, 0, 0, 4, 1505.29
1669740922, 0, 274, 555, 478, 125, 2.85%, 0, 0, 4, 1428.31
1669740937, 0, 275, 556, 478, 124, 2.85%, 0, 0, 4, 1500.28
1669740962, 0, 277, 557, 478, 123, 2.85%, 0, 0, 4, 1521.86
1669740988, 0, 279, 564, 484, 122, 2.91%, 0, 0, 4, 1477.21
1669740993, 0, 279, 567, 487, 122, 2.91%, 0, 0, 4, 1440.64
1669741029, 0, 282, 567, 486, 127, 2.91%, 0, 0, 4, 1415.23
1669741034, 0, 282, 569, 488, 127, 2.91%, 0, 0, 4, 1414.35
1669741069, 0, 283, 571, 489, 127, 2.91%, 0, 0, 4, 1498.18
1669741094, 0, 284, 572, 489, 126, 2.91%, 0, 0, 4, 1541.51
1669741120, 0, 296, 572, 488, 126, 2.91%, 0, 0, 4, 1501.31
1669741125, 0, 296, 573, 489, 126, 2.91%, 0, 0, 4, 1489.50
1669741161, 0, 297, 574, 489, 126, 2.91%, 0, 0, 4, 1505.53
1669741166, 0, 297, 576, 491, 126, 2.94%, 0, 0, 4, 1506.16
1669741171, 0, 301, 578, 492, 125, 2.94%, 0, 0, 4, 1394.17
1669741201, 0, 302, 583, 496, 125, 2.96%, 0, 0, 4, 1492.06
1669741206, 0, 302, 584, 497, 125, 2.96%, 0, 0, 4, 1486.39
1669741211, 0, 302, 585, 498, 125, 2.96%, 0, 0, 4, 1518.72
1669741217, 0, 303, 588, 500, 128, 2.96%, 0, 0, 4, 1461.18
1669741247, 0, 309, 590, 501, 127, 2.96%, 0, 0, 4, 1489.36
1669741252, 0, 309, 591, 502, 127, 2.96%, 0, 0, 4, 1479.49
1669741288, 0, 311, 591, 501, 128, 2.96%, 0, 0, 4, 1457.31
1669741329, 0, 316, 591, 500, 127, 2.96%, 0, 0, 4, 1415.59
1669741370, 0, 321, 591, 499, 126, 2.96%, 0, 0, 4, 1549.43
1669741390, 0, 322, 591, 498, 125, 2.96%, 0, 0, 4, 1545.36
1669741415, 0, 328, 592, 498, 124, 2.96%, 0, 0, 4, 1547.65
1669741425, 0, 330, 592, 497, 122, 2.96%, 0, 0, 4, 1535.81
1669741435, 0, 331, 592, 496, 121, 2.96%, 0, 0, 4, 1478.22
1669741440, 0, 331, 593, 497, 121, 2.96%, 0, 0, 4, 1478.92
1669741446, 0, 332, 593, 496, 121, 2.96%, 0, 0, 4, 1413.24
1669741456, 0, 333, 594, 496, 120, 2.96%, 0, 0, 4, 1504.49
1669741466, 0, 334, 594, 495, 120, 2.96%, 0, 0, 4, 1535.94
1669741476, 0, 336, 595, 495, 119, 2.96%, 0, 0, 4, 1521.08
1669741486, 0, 337, 596, 495, 119, 2.97%, 0, 0, 4, 1486.17
1669741496, 0, 338, 596, 494, 118, 2.97%, 0, 0, 4, 1526.90
1669741506, 0, 340, 596, 493, 117, 2.97%, 0, 0, 4, 1477.17
1669741516, 0, 341, 598, 494, 117, 2.97%, 0, 0, 4, 1541.46
1669741526, 0, 342, 598, 493, 116, 2.97%, 0, 0, 4, 1548.81
1669741537, 0, 345, 600, 494, 115, 2.98%, 0, 0, 4, 1552.55
1669741547, 0, 346, 601, 494, 117, 2.99%, 0, 0, 4, 1533.72
1669741552, 0, 346, 602, 495, 117, 3.00%, 0, 0, 4, 1550.32
1669741557, 0, 347, 602, 494, 117, 3.00%, 0, 0, 4, 1556.66
1669741567, 0, 357, 603, 494, 117, 3.00%, 0, 0, 4, 1512.56
1669741572, 0, 357, 604, 495, 117, 3.00%, 0, 0, 4, 1427.05
1669741607, 0, 359, 605, 495, 118, 3.00%, 0, 0, 4, 1397.19
1669741618, 0, 359, 606, 496, 118, 3.00%, 0, 0, 4, 1465.64
1669741648, 0, 360, 606, 495, 117, 3.00%, 0, 0, 4, 1484.95
1669741688, 0, 363, 606, 494, 116, 3.00%, 0, 0, 4, 1517.98
1669741714, 0, 364, 609, 496, 115, 3.00%, 0, 0, 4, 1473.61
1669741755, 0, 365, 609, 495, 115, 3.00%, 0, 0, 4, 1497.47
1669741780, 0, 369, 609, 494, 114, 3.00%, 0, 0, 4, 1492.96
1669741785, 0, 369, 616, 501, 114, 3.01%, 0, 0, 4, 1421.84
1669741826, 0, 371, 618, 502, 117, 3.01%, 0, 0, 4, 1432.88
1669741831, 0, 371, 620, 504, 117, 3.01%, 0, 0, 4, 1428.33
1669741866, 0, 373, 620, 503, 117, 3.01%, 0, 0, 4, 1458.29
1669741871, 0, 373, 622, 505, 117, 3.01%, 0, 0, 4, 1404.40
1669741912, 0, 375, 623, 505, 117, 3.01%, 0, 0, 4, 1475.17
1669741937, 0, 380, 624, 505, 115, 3.01%, 0, 0, 4, 1520.05
1669741942, 0, 380, 626, 507, 115, 3.10%, 0, 0, 4, 1510.00
1669741967, 0, 381, 627, 507, 116, 3.10%, 0, 0, 4, 1474.95
1669742003, 0, 383, 628, 507, 116, 3.10%, 0, 0, 4, 1442.57
1669742043, 0, 389, 629, 507, 115, 3.10%, 0, 0, 4, 1464.27
1669742069, 0, 392, 629, 506, 115, 3.10%, 0, 0, 4, 1481.14
1669742074, 0, 392, 630, 507, 115, 3.10%, 0, 0, 4, 1406.39
1669742110, 0, 394, 630, 506, 114, 3.10%, 0, 0, 4, 1434.46
1669742120, 0, 394, 631, 507, 114, 3.10%, 0, 0, 4, 1478.20
1669742150, 0, 397, 631, 506, 114, 3.10%, 0, 0, 4, 1476.31
1669742165, 0, 397, 632, 507, 114, 3.10%, 0, 0, 4, 1461.71
1669742191, 0, 402, 635, 509, 114, 3.10%, 0, 0, 4, 1415.40
1669742196, 0, 402, 636, 510, 114, 3.10%, 0, 0, 4, 1442.10
1669742226, 0, 402, 637, 511, 114, 3.11%, 0, 0, 4, 1406.03
1669742231, 0, 402, 639, 513, 114, 3.11%, 0, 0, 4, 1406.60
1669742236, 0, 407, 639, 512, 115, 3.11%, 0, 0, 4, 1445.92
1669742277, 0, 414, 648, 520, 114, 3.15%, 0, 0, 4, 1399.92
1669742282, 0, 414, 650, 522, 114, 3.15%, 0, 0, 4, 1380.83
1669742313, 0, 414, 662, 534, 114, 3.15%, 0, 0, 4, 1397.12
1669742318, 0, 414, 669, 541, 114, 3.16%, 0, 0, 4, 1451.81
1669742323, 0, 414, 671, 543, 114, 3.16%, 0, 0, 4, 1434.55
1669742328, 0, 414, 672, 544, 114, 3.16%, 0, 0, 4, 1439.55
1669742338, 0, 423, 673, 544, 117, 3.16%, 0, 0, 4, 1395.06
1669742348, 0, 423, 674, 545, 117, 3.16%, 0, 0, 4, 1399.76
1669742379, 0, 424, 674, 544, 117, 3.16%, 0, 0, 4, 1422.67
1669742414, 0, 425, 675, 544, 116, 3.16%, 0, 0, 4, 1435.95
1669742424, 0, 425, 676, 545, 116, 3.16%, 0, 0, 4, 1459.02
1669742450, 0, 426, 676, 544, 115, 3.16%, 0, 0, 4, 1460.52
1669742455, 0, 426, 677, 545, 115, 3.16%, 0, 0, 4, 1399.44
1669742465, 0, 426, 678, 546, 115, 3.16%, 0, 0, 4, 1441.69
1669742496, 0, 427, 678, 545, 115, 3.16%, 0, 0, 4, 1429.86
1669742501, 0, 427, 679, 546, 115, 3.16%, 0, 0, 4, 1453.36
1669742536, 0, 430, 679, 545, 115, 3.16%, 0, 0, 4, 1464.36
1669742577, 0, 431, 679, 544, 114, 3.16%, 0, 0, 4, 1445.62
1669742617, 0, 439, 679, 543, 113, 3.16%, 0, 0, 4, 1398.71
1669742658, 0, 441, 679, 542, 112, 3.16%, 0, 0, 4, 1429.05
1669742673, 0, 442, 679, 541, 111, 3.16%, 0, 0, 4, 1562.19
1669742683, 0, 445, 679, 540, 110, 3.16%, 0, 0, 4, 1594.77
1669742693, 0, 452, 679, 539, 109, 3.16%, 0, 0, 4, 1510.13
1669742704, 0, 453, 679, 538, 108, 3.16%, 0, 0, 4, 1458.18
1669742709, 0, 453, 681, 540, 108, 3.16%, 0, 0, 4, 1439.42
1669742724, 0, 455, 690, 548, 108, 3.20%, 0, 0, 4, 1439.16
1669742729, 0, 455, 693, 551, 108, 3.28%, 0, 0, 4, 1433.31
1669742734, 0, 455, 695, 553, 108, 3.29%, 0, 0, 4, 1442.60
1669742739, 0, 455, 697, 555, 108, 3.30%, 0, 0, 4, 1407.17
1669742744, 0, 456, 697, 554, 122, 3.30%, 0, 0, 4, 1417.19
1669742754, 0, 457, 697, 553, 121, 3.30%, 0, 0, 4, 1477.68
1669742764, 0, 458, 697, 552, 120, 3.30%, 0, 0, 4, 1510.37
1669742775, 0, 461, 697, 551, 119, 3.30%, 0, 0, 4, 1452.32
1669742790, 0, 462, 698, 551, 118, 3.30%, 0, 0, 4, 1403.38
1669742810, 0, 467, 698, 549, 117, 3.30%, 0, 0, 4, 1444.56
1669742825, 0, 468, 698, 548, 116, 3.30%, 0, 0, 4, 1469.51
1669742835, 0, 470, 700, 549, 115, 3.30%, 0, 0, 4, 1404.29
1669742871, 0, 470, 701, 550, 115, 3.30%, 0, 0, 4, 1358.61
1669742876, 0, 476, 702, 550, 115, 3.31%, 0, 0, 4, 1455.87
1669742912, 0, 478, 702, 549, 114, 3.31%, 0, 0, 4, 1438.14
1669742943, 0, 483, 702, 548, 113, 3.31%, 0, 0, 4, 1433.32
1669742978, 0, 489, 702, 547, 112, 3.31%, 0, 0, 4, 1402.57
