# relative_time, cycles_done, cur_item, corpus_count, pending_total, pending_favs, map_size, saved_crashes, saved_hangs, max_depth, execs_per_sec, total_execs, edges_found
60, 0, 155, 229, 217, 75, 2.00%, 0, 0, 3, 1354.98, 81475, 668
65, 0, 155, 237, 225, 75, 2.00%, 0, 0, 3, 1324.97, 88076, 668
71, 0, 155, 243, 231, 75, 2.00%, 0, 0, 3, 1352.13, 95127, 668
76, 0, 155, 248, 236, 75, 2.01%, 0, 0, 3, 1333.97, 101699, 670
81, 0, 155, 250, 238, 75, 2.01%, 0, 0, 3, 1336.35, 108447, 671
86, 0, 134, 253, 237, 77, 2.02%, 0, 0, 3, 1339.29, 115385, 672
91, 0, 101, 264, 244, 73, 2.09%, 0, 0, 4, 1350.48, 122363, 696
96, 0, 137, 266, 240, 74, 2.10%, 0, 0, 4, 1357.11, 129168, 699
101, 0, 260, 272, 240, 68, 2.10%, 0, 0, 4, 1376.42, 136325, 701
106, 0, 260, 273, 241, 68, 2.10%, 0, 0, 4, 1369.60, 143190, 701
111, 0, 260, 273, 241, 68, 2.10%, 0, 0, 4, 1373.54, 150102, 701
116, 0, 260, 273, 241, 68, 2.10%, 0, 0, 4, 1361.63, 156906, 701
121, 0, 260, 273, 241, 68, 2.10%, 0, 0, 4, 1353.31, 163710, 701
126, 0, 187, 275, 237, 66, 2.11%, 0, 0, 4, 1357.44, 170813, 703
131, 0, 109, 289, 249, 64, 2.15%, 0, 0, 4, 1350.20, 177612, 715
136, 0, 109, 291, 251, 64, 2.17%, 0, 0, 4, 1340.47, 184308, 722
142, 0, 109, 293, 253, 64, 2.17%, 0, 0, 4, 1331.12, 191004, 723
147, 0, 109, 294, 254, 64, 2.17%, 0, 0, 4, 1329.16, 197875, 723
152, 0, 109, 296, 256, 64, 2.17%, 0, 0, 4, 1321.29, 204493, 723
157, 0, 266, 299, 254, 69, 2.17%, 0, 0, 4, 1351.53, 211491, 724
162, 0, 299, 304, 255, 67, 2.19%, 0, 0, 6, 1356.59, 218587, 730
167, 0, 271, 306, 253, 65, 2.19%, 0, 0, 6, 1363.68, 225677, 731
172, 0, 272, 311, 256, 63, 2.21%, 0, 0, 6, 1347.28, 232426, 736
177, 0, 272, 313, 258, 63, 2.23%, 0, 0, 6, 1369.40, 239349, 742
182, 0, 272, 313, 258, 63, 2.23%, 0, 0, 6, 1363.42, 246261, 742
187, 0, 272, 313, 258, 63, 2.23%, 0, 0, 6, 1372.44, 253173, 742
193, 0, 272, 313, 258, 63, 2.23%, 0, 0, 6, 1370.95, 260081, 742
198, 0, 283, 319, 259, 69, 2.27%, 0, 0, 6, 1374.26, 267253, 757
203, 0, 290, 339, 277, 68, 2.33%, 0, 0, 6, 1336.41, 274176, 777
208, 0, 290, 342, 280, 68, 2.34%, 0, 0, 6, 1330.25, 280879, 779
213, 0, 290, 343, 281, 68, 2.34%, 0, 0, 6, 1333.91, 287802, 779
218, 0, 290, 345, 283, 68, 2.35%, 0, 0, 6, 1341.99, 294524, 784
223, 0, 290, 349, 287, 68, 2.37%, 0, 0, 6, 1340.13, 301286, 789
228, 0, 85, 354, 288, 72, 2.37%, 0, 0, 7, 1352.24, 308276, 789
234, 0, 338, 364, 295, 73, 2.38%, 0, 0, 7, 1311.17, 314963, 794
239, 0, 307, 366, 291, 68, 2.39%, 0, 0, 7, 1354.10, 321986, 795
244, 0, 281, 369, 290, 64, 2.39%, 0, 0, 7, 1314.48, 328672, 795
249, 0, 310, 371, 285, 58, 2.39%, 0, 0, 7, 1334.66, 335657, 797
254, 0, 249, 374, 284, 56, 2.41%, 0, 0, 7, 1349.17, 342660, 802
259, 0, 374, 385, 292, 56, 2.42%, 0, 0, 7, 1353.22, 349430, 808
264, 0, 374, 386, 293, 56, 2.43%, 0, 0, 7, 1354.55, 356241, 809
269, 0, 374, 387, 294, 56, 2.43%, 0, 0, 7, 1340.67, 363015, 810
275, 0, 374, 387, 294, 56, 2.43%, 0, 0, 7, 1343.42, 370009, 810
280, 0, 374, 388, 295, 56, 2.43%, 0, 0, 7, 1337.79, 376958, 811
285, 0, 289, 388, 291, 58, 2.43%, 0, 0, 7, 1353.77, 383815, 811
290, 0, 387, 392, 294, 57, 2.45%, 0, 0, 7, 1374.40, 390790, 815
295, 0, 291, 395, 292, 57, 2.45%, 0, 0, 7, 1357.92, 397821, 816
300, 0, 201, 399, 292, 54, 2.45%, 0, 0, 7, 1120.45, 403760, 816
305, 0, 392, 409, 301, 53, 2.68%, 0, 0, 7, 811.92, 407467, 894
310, 0, 392, 418, 310, 53, 2.73%, 0, 0, 7, 1044.30, 412682, 911
315, 0, 392, 425, 317, 53, 2.74%, 0, 0, 7, 1386.96, 420321, 914
321, 0, 392, 427, 319, 53, 2.75%, 0, 0, 7, 1452.55, 427920, 915
326, 0, 392, 432, 324, 53, 2.75%, 0, 0, 7, 1458.71, 435350, 916
331, 0, 392, 444, 336, 53, 2.76%, 0, 0, 7, 1463.46, 442731, 920
336, 0, 430, 452, 343, 64, 2.77%, 0, 0, 7, 1460.47, 450118, 922
341, 0, 430, 453, 344, 64, 2.77%, 0, 0, 7, 1469.97, 457636, 922
346, 0, 430, 453, 344, 64, 2.77%, 0, 0, 7, 1451.02, 465005, 922
351, 0, 430, 454, 345, 64, 2.77%, 0, 0, 7, 1463.02, 472462, 922
356, 0, 407, 463, 352, 67, 2.80%, 0, 0, 7, 1474.62, 479894, 933
361, 0, 462, 482, 370, 68, 2.81%, 0, 0, 7, 1454.71, 487260, 938
366, 0, 462, 485, 373, 68, 2.82%, 0, 0, 7, 1447.12, 494572, 941
371, 0, 462, 486, 374, 68, 2.82%, 0, 0, 7, 1463.48, 501933, 941
376, 0, 462, 486, 374, 68, 2.82%, 0, 0, 7, 1397.98, 508999, 941
382, 0, 462, 487, 375, 68, 2.82%, 0, 0, 7, 1422.02, 516342, 941
387, 0, 483, 492, 376, 69, 2.83%, 0, 0, 8, 1457.99, 523658, 943
392, 0, 479, 496, 378, 67, 2.83%, 0, 0, 8, 1461.85, 531049, 943
397, 0, 497, 498, 376, 65, 2.84%, 0, 0, 8, 1488.78, 538789, 945
402, 0, 372, 498, 370, 59, 2.84%, 0, 0, 8, 1487.20, 546254, 945
407, 0, 489, 498, 365, 54, 2.84%, 0, 0, 8, 1469.70, 553643, 945
412, 0, 209, 502, 364, 51, 2.84%, 0, 0, 8, 1457.80, 560961, 946
417, 0, 432, 503, 359, 45, 2.84%, 0, 0, 8, 1461.99, 568575, 946
422, 0, 496, 505, 358, 43, 2.84%, 0, 0, 8, 1482.63, 576045, 946
427, 0, 486, 506, 355, 39, 2.84%, 0, 0, 8, 1372.15, 582630, 946
432, 0, 390, 506, 352, 36, 2.84%, 0, 0, 8, 1050.17, 587286, 946
437, 0, 174, 508, 350, 33, 2.84%, 0, 0, 8, 1160.66, 593363, 947
442, 0, 483, 508, 346, 30, 2.84%, 0, 0, 8, 1096.92, 598434, 947
448, 0, 305, 513, 350, 30, 2.85%, 0, 0, 8, 1242.75, 604988, 950
453, 0, 160, 515, 347, 26, 2.85%, 0, 0, 8, 1297.09, 611385, 951
458, 0, 488, 515, 343, 23, 2.85%, 0, 0, 8, 1354.57, 618209, 951
463, 0, 510, 517, 342, 21, 2.86%, 0, 0, 9, 1348.70, 625207, 953
468, 0, 317, 520, 341, 21, 2.86%, 0, 0, 9, 1350.78, 632113, 954
473, 0, 199, 521, 338, 17, 2.86%, 0, 0, 9, 1347.04, 638920, 954
478, 0, 450, 521, 334, 13, 2.86%, 0, 0, 9, 1344.89, 645678, 954
483, 0, 460, 523, 334, 12, 2.87%, 0, 0, 9, 1330.79, 652458, 955
488, 0, 315, 527, 336, 14, 2.88%, 0, 0, 9, 1352.47, 659463, 960
493, 0, 483, 529, 336, 13, 2.88%, 0, 0, 9, 1352.69, 666239, 960
498, 0, 373, 532, 337, 12, 2.91%, 0, 0, 9, 1374.60, 673380, 969
504, 0, 531, 536, 337, 9, 2.91%, 0, 0, 9, 1365.90, 680421, 971
509, 0, 531, 541, 342, 9, 2.93%, 0, 0, 9, 1371.92, 687395, 976
514, 0, 531, 542, 343, 9, 2.93%, 0, 0, 9, 1363.68, 694206, 977
519, 0, 531, 542, 343, 9, 2.93%, 0, 0, 9, 1375.94, 701145, 977
524, 0, 538, 542, 342, 15, 2.93%, 0, 0, 9, 1360.82, 708001, 977
529, 0, 525, 543, 341, 13, 2.93%, 0, 0, 10, 1359.49, 714846, 977
534, 0, 537, 547, 343, 11, 2.93%, 0, 0, 10, 1359.66, 721866, 978
539, 0, 537, 548, 344, 11, 2.94%, 0, 0, 10, 1358.22, 728704, 979
544, 0, 537, 548, 344, 11, 2.94%, 0, 0, 10, 1340.38, 735427, 979
549, 0, 537, 548, 344, 11, 2.94%, 0, 0, 10, 1361.56, 742312, 979
554, 0, 536, 548, 342, 12, 2.94%, 0, 0, 10, 1356.03, 749268, 979
559, 0, 515, 549, 340, 9, 2.94%, 0, 0, 10, 1341.57, 756001, 981
564, 0, 548, 549, 336, 7, 2.94%, 0, 0, 10, 1357.19, 763083, 981
569, 0, 483, 550, 334, 5, 2.94%, 0, 0, 10, 1347.39, 769875, 981
574, 0, 547, 551, 334, 4, 2.94%, 0, 0, 10, 1359.54, 776692, 981
580, 0, 529, 556, 337, 3, 2.95%, 0, 0, 10, 1378.50, 783805, 982
585, 0, 529, 557, 338, 3, 2.95%, 0, 0, 10, 1314.09, 790402, 982
590, 0, 529, 559, 340, 3, 2.95%, 0, 0, 10, 1142.67, 796144, 982
595, 0, 529, 560, 341, 3, 2.95%, 0, 0, 10, 1082.50, 801517, 982
600, 0, 529, 560, 341, 3, 2.95%, 0, 0, 10, 1199.33, 807559, 982
605, 0, 470, 562, 339, 2, 2.95%, 0, 0, 10, 1272.92, 814120, 983
610, 0, 346, 562, 336, 1, 2.95%, 0, 0, 10, 1325.70, 821131, 983
615, 0, 199, 562, 335, 1, 2.95%, 0, 0, 10, 1298.41, 827717, 983
620, 0, 486, 563, 336, 1, 2.95%, 0, 0, 10, 1280.35, 834458, 983
626, 0, 269, 563, 336, 1, 2.95%, 0, 0, 10, 1327.82, 841429, 983
631, 0, 496, 565, 337, 1, 2.95%, 0, 0, 10, 1312.98, 848216, 983
636, 0, 483, 566, 337, 1, 2.95%, 0, 0, 10, 1201.74, 854282, 983
641, 0, 561, 567, 338, 1, 2.95%, 0, 0, 10, 1249.23, 860827, 983
646, 0, 155, 568, 338, 0, 2.95%, 0, 0, 10, 1261.28, 867041, 983
651, 0, 199, 568, 338, 0, 2.95%, 0, 0, 10, 1282.32, 873567, 983
656, 0, 483, 568, 337, 0, 2.95%, 0, 0, 10, 1321.22, 880258, 983
661, 0, 497, 569, 338, 0, 2.95%, 0, 0, 10, 1358.42, 887359, 983
667, 0, 236, 569, 337, 0, 2.95%, 0, 0, 10, 1344.88, 894304, 983
672, 0, 194, 571, 339, 1, 2.95%, 0, 0, 10, 1329.63, 901201, 984
677, 0, 133, 571, 338, 0, 2.95%, 0, 0, 10, 1362.95, 908239, 984
682, 0, 571, 572, 338, 1, 2.96%, 0, 0, 10, 1371.58, 915393, 985
687, 0, 551, 572, 337, 0, 2.96%, 0, 0, 10, 1363.72, 922417, 985
692, 0, 199, 572, 337, 0, 2.96%, 0, 0, 10, 1336.05, 929383, 985
698, 0, 538, 573, 338, 0, 2.96%, 0, 0, 10, 1360.26, 936486, 985
703, 0, 197, 574, 338, 0, 2.96%, 0, 0, 10, 1370.91, 943393, 986
708, 0, 271, 574, 338, 0, 2.96%, 0, 0, 10, 1350.81, 950114, 986
713, 0, 545, 574, 338, 0, 2.96%, 0, 0, 10, 1318.74, 956954, 986
718, 0, 264, 574, 338, 0, 2.96%, 0, 0, 10, 1285.63, 963554, 986
723, 0, 574, 585, 349, 1, 3.11%, 0, 0, 10, 1307.73, 970162, 1035
728, 0, 574, 588, 352, 1, 3.13%, 0, 0, 10, 1267.23, 976631, 1043
733, 0, 574, 588, 352, 1, 3.13%, 0, 0, 10, 985.16, 981150, 1043
738, 0, 574, 588, 352, 1, 3.13%, 0, 0, 10, 749.45, 985025, 1043
743, 0, 574, 588, 352, 1, 3.13%, 0, 0, 10, 620.64, 988062, 1043
749, 0, 574, 588, 352, 1, 3.13%, 0, 0, 10, 956.75, 992976, 1043
754, 0, 574, 588, 352, 1, 3.13%, 0, 0, 10, 1178.67, 999263, 1043
759, 0, 589, 613, 375, 11, 3.34%, 0, 0, 10, 1283.68, 1006110, 1114
764, 0, 589, 634, 396, 11, 3.36%, 0, 0, 10, 1305.07, 1012882, 1119
769, 0, 589, 639, 401, 11, 3.36%, 0, 0, 10, 1311.98, 1019522, 1120
774, 0, 589, 641, 403, 11, 3.36%, 0, 0, 10, 1288.39, 1025931, 1121
779, 0, 589, 643, 405, 11, 3.36%, 0, 0, 10, 1321.59, 1032576, 1121
784, 0, 589, 647, 409, 11, 3.39%, 0, 0, 10, 1314.67, 1039424, 1129
790, 0, 644, 661, 421, 23, 3.42%, 0, 0, 10, 1338.38, 1046415, 1140
795, 0, 644, 668, 428, 23, 3.50%, 0, 0, 10, 1348.49, 1053308, 1167
800, 0, 644, 673, 433, 23, 3.58%, 0, 0, 10, 1340.00, 1060045, 1193
805, 0, 644, 676, 436, 23, 3.58%, 0, 0, 10, 1343.97, 1066833, 1194
810, 0, 684, 695, 453, 40, 3.67%, 0, 0, 10, 1334.55, 1073533, 1224
815, 0, 684, 701, 459, 40, 3.68%, 0, 0, 10, 1338.59, 1080300, 1225
820, 0, 684, 707, 465, 40, 3.69%, 0, 0, 10, 1333.69, 1087033, 1229
825, 0, 684, 709, 467, 40, 3.69%, 0, 0, 10, 1323.48, 1093755, 1230
830, 0, 632, 714, 471, 45, 3.70%, 0, 0, 10, 1324.75, 1100430, 1234
835, 0, 675, 717, 471, 42, 3.70%, 0, 0, 10, 1338.30, 1107145, 1234
840, 0, 682, 730, 483, 42, 3.79%, 0, 0, 10, 1329.86, 1113864, 1263
845, 0, 682, 750, 503, 42, 3.83%, 0, 0, 10, 1265.67, 1120187, 1278
850, 0, 682, 760, 513, 42, 3.86%, 0, 0, 10, 1302.61, 1127048, 1286
855, 0, 682, 764, 517, 42, 3.86%, 0, 0, 10, 1267.93, 1133285, 1287
860, 0, 743, 768, 520, 63, 3.86%, 0, 0, 11, 1320.47, 1140015, 1288
865, 0, 719, 772, 522, 63, 3.87%, 0, 0, 11, 1312.85, 1146566, 1289
870, 0, 719, 777, 527, 63, 3.87%, 0, 0, 11, 1315.80, 1153153, 1291
875, 0, 719, 779, 529, 63, 3.88%, 0, 0, 11, 1296.30, 1159650, 1294
880, 0, 719, 781, 531, 63, 3.90%, 0, 0, 11, 1327.10, 1166389, 1301
886, 0, 746, 785, 534, 63, 3.90%, 0, 0, 11, 1318.18, 1173274, 1301
891, 0, 746, 787, 536, 63, 3.95%, 0, 0, 11, 1317.24, 1179866, 1315
896, 0, 746, 789, 538, 63, 3.98%, 0, 0, 11, 1321.79, 1186744, 1328
901, 0, 746, 791, 540, 63, 3.98%, 0, 0, 11, 1302.02, 1193258, 1328
906, 0, 750, 792, 540, 64, 3.98%, 0, 0, 11, 1274.65, 1199611, 1328
911, 0, 786, 796, 542, 62, 4.00%, 0, 0, 12, 1301.57, 1206229, 1332
916, 0, 761, 796, 540, 62, 4.00%, 0, 0, 12, 1264.19, 1212659, 1332
921, 0, 777, 798, 540, 60, 4.00%, 0, 0, 12, 1318.24, 1219272, 1334
926, 0, 777, 801, 543, 60, 4.01%, 0, 0, 12, 1307.34, 1225793, 1335
931, 0, 777, 804, 546, 60, 4.01%, 0, 0, 12, 1323.76, 1232444, 1336
936, 0, 777, 804, 546, 60, 4.01%, 0, 0, 12, 1310.16, 1239048, 1336
941, 0, 669, 807, 548, 62, 4.04%, 0, 0, 12, 1337.47, 1245770, 1346
946, 0, 751, 810, 549, 60, 4.04%, 0, 0, 12, 1294.56, 1252478, 1346
951, 0, 751, 811, 550, 60, 4.04%, 0, 0, 12, 1302.48, 1259314, 1346
956, 0, 751, 813, 552, 60, 4.04%, 0, 0, 12, 1313.89, 1265932, 1346
961, 0, 751, 813, 552, 60, 4.04%, 0, 0, 12, 1319.71, 1272536, 1346
967, 0, 583, 815, 552, 58, 4.04%, 0, 0, 13, 1326.40, 1279399, 1348
972, 0, 788, 825, 560, 58, 4.06%, 0, 0, 14, 1300.11, 1286043, 1354
977, 0, 788, 826, 561, 58, 4.06%, 0, 0, 14, 1299.32, 1292758, 1354
982, 0, 788, 826, 561, 58, 4.06%, 0, 0, 14, 1316.48, 1299648, 1354
987, 0, 788, 828, 563, 58, 4.06%, 0, 0, 14, 1304.31, 1306266, 1354
992, 0, 661, 829, 563, 60, 4.06%, 0, 0, 14, 1247.06, 1312624, 1354
997, 0, 823, 833, 566, 60, 4.07%, 0, 0, 14, 1283.81, 1319128, 1355
1002, 0, 705, 837, 569, 59, 4.07%, 0, 0, 14, 1295.68, 1325662, 1355
1007, 0, 632, 837, 568, 61, 4.07%, 0, 0, 14, 1298.41, 1332229, 1355
1012, 0, 825, 840, 569, 59, 4.07%, 0, 0, 14, 1284.12, 1338706, 1357
1018, 0, 839, 842, 570, 59, 4.08%, 0, 0, 14, 1322.03, 1345571, 1359
1023, 0, 815, 845, 570, 59, 4.08%, 0, 0, 15, 1300.58, 1352317, 1360
1028, 0, 816, 845, 567, 56, 4.08%, 0, 0, 15, 1327.43, 1359277, 1360
1033, 0, 803, 846, 564, 52, 4.08%, 0, 0, 15, 1350.04, 1366101, 1361
1038, 0, 779, 853, 569, 49, 4.09%, 0, 0, 15, 1330.08, 1372980, 1364
1043, 0, 779, 855, 571, 49, 4.10%, 0, 0, 15, 1346.67, 1379754, 1365
1048, 0, 779, 856, 572, 49, 4.10%, 0, 0, 15, 1315.80, 1386287, 1366
1053, 0, 779, 857, 573, 49, 4.10%, 0, 0, 15, 1330.43, 1392976, 1368
1058, 0, 756, 857, 572, 53, 4.10%, 0, 0, 15, 1319.99, 1399548, 1368
1063, 0, 668, 858, 569, 50, 4.11%, 0, 0, 15, 1340.21, 1406277, 1369
1068, 0, 666, 861, 570, 50, 4.11%, 0, 0, 15, 1345.80, 1413051, 1371
1073, 0, 666, 863, 572, 50, 4.11%, 0, 0, 15, 1348.73, 1419865, 1371
1078, 0, 666, 863, 572, 50, 4.11%, 0, 0, 15, 1201.52, 1426049, 1371
1083, 0, 815, 865, 571, 49, 4.12%, 0, 0, 15, 1269.34, 1432447, 1372
1088, 0, 640, 866, 570, 48, 4.12%, 0, 0, 15, 1316.70, 1439116, 1374
1093, 0, 841, 867, 568, 45, 4.12%, 0, 0, 15, 1322.35, 1445826, 1374
1098, 0, 774, 869, 567, 42, 4.12%, 0, 0, 15, 1330.55, 1452466, 1374
1104, 0, 836, 873, 570, 41, 4.13%, 0, 0, 15, 1311.28, 1459301, 1375
1109, 0, 446, 873, 569, 41, 4.13%, 0, 0, 15, 1327.33, 1466000, 1375
1114, 0, 694, 874, 569, 41, 4.13%, 0, 0, 15, 1323.56, 1472901, 1376
1119, 0, 856, 876, 568, 38, 4.13%, 0, 0, 15, 1340.87, 1479853, 1377
1124, 0, 827, 877, 567, 38, 4.13%, 0, 0, 15, 1324.07, 1486428, 1378
1129, 0, 829, 885, 573, 36, 4.15%, 0, 0, 15, 1310.91, 1493288, 1382
1134, 0, 829, 886, 574, 36, 4.15%, 0, 0, 15, 1214.20, 1499501, 1382
1139, 0, 829, 890, 578, 36, 4.15%, 0, 0, 15, 1280.26, 1505961, 1383
1144, 0, 829, 892, 580, 36, 4.15%, 0, 0, 15, 1304.53, 1512575, 1383
1149, 0, 829, 892, 580, 36, 4.15%, 0, 0, 15, 1298.50, 1519129, 1383
1155, 0, 505, 893, 580, 39, 4.15%, 0, 0, 15, 1290.19, 1525553, 1383
1160, 0, 880, 893, 577, 36, 4.15%, 0, 0, 15, 1309.87, 1532344, 1383
1165, 0, 700, 893, 574, 33, 4.15%, 0, 0, 15, 1321.22, 1539025, 1383
1170, 0, 731, 907, 587, 32, 4.16%, 0, 0, 15, 1325.59, 1545872, 1385
1175, 0, 731, 911, 591, 32, 4.16%, 0, 0, 15, 1298.32, 1552582, 1385
1180, 0, 731, 914, 594, 32, 4.16%, 0, 0, 15, 1317.06, 1559285, 1385
1185, 0, 731, 915, 595, 32, 4.16%, 0, 0, 15, 1314.53, 1565862, 1385
1190, 0, 768, 920, 598, 31, 4.16%, 0, 0, 15, 1330.41, 1572533, 1385
1195, 0, 768, 921, 599, 31, 4.16%, 0, 0, 15, 1340.18, 1579196, 1385
1200, 0, 768, 921, 599, 31, 4.16%, 0, 0, 15, 1440.70, 1586792, 1385
1205, 0, 768, 921, 599, 31, 4.16%, 0, 0, 15, 1459.87, 1594152, 1385
1210, 0, 755, 924, 601, 32, 4.16%, 0, 0, 15, 1446.84, 1601420, 1385
1216, 0, 872, 925, 600, 33, 4.16%, 0, 0, 15, 1445.42, 1608654, 1385
1221, 0, 924, 932, 605, 32, 4.16%, 0, 0, 15, 1463.97, 1615988, 1386
1226, 0, 924, 934, 607, 32, 4.16%, 0, 0, 15, 1472.54, 1623484, 1386
1231, 0, 924, 936, 609, 32, 4.16%, 0, 0, 15, 1468.96, 1630922, 1386
1236, 0, 924, 936, 609, 32, 4.16%, 0, 0, 15, 1472.27, 1638359, 1386
1241, 0, 933, 941, 613, 33, 4.16%, 0, 0, 15, 1469.56, 1645838, 1386
1246, 0, 933, 943, 615, 33, 4.16%, 0, 0, 15, 1469.29, 1653305, 1388
1251, 0, 933, 945, 617, 33, 4.16%, 0, 0, 15, 1456.40, 1660656, 1388
1256, 0, 933, 947, 619, 33, 4.16%, 0, 0, 15, 1364.73, 1667581, 1388
1261, 0, 933, 948, 620, 33, 4.17%, 0, 0, 15, 1330.36, 1674216, 1389
1266, 0, 906, 950, 620, 34, 4.19%, 0, 0, 16, 1309.19, 1680789, 1395
1271, 0, 942, 951, 619, 32, 4.19%, 0, 0, 16, 1333.57, 1687464, 1395
1276, 0, 860, 951, 617, 31, 4.19%, 0, 0, 16, 1329.60, 1694146, 1395
1281, 0, 857, 951, 614, 28, 4.19%, 0, 0, 16, 1347.15, 1700882, 1395
1286, 0, 936, 952, 613, 26, 4.19%, 0, 0, 16, 1315.50, 1707707, 1395
1292, 0, 734, 952, 610, 23, 4.19%, 0, 0, 16, 1312.53, 1714569, 1395
1297, 0, 782, 955, 611, 21, 4.19%, 0, 0, 16, 1298.46, 1721017, 1395
1302, 0, 854, 956, 609, 19, 4.19%, 0, 0, 16, 1306.54, 1727910, 1395
1307, 0, 897, 957, 609, 19, 4.19%, 0, 0, 16, 1295.55, 1734424, 1395
1312, 0, 921, 959, 610, 18, 4.19%, 0, 0, 16, 1268.48, 1740990, 1396
1317, 0, 822, 960, 608, 16, 4.19%, 0, 0, 16, 1309.39, 1747649, 1396
1322, 0, 483, 962, 607, 13, 4.19%, 0, 0, 16, 1323.44, 1754293, 1396
1327, 0, 947, 964, 609, 13, 4.19%, 0, 0, 16, 1321.10, 1761153, 1398
1332, 0, 359, 964, 608, 15, 4.19%, 0, 0, 16, 1310.64, 1767804, 1398
1337, 0, 313, 964, 606, 14, 4.19%, 0, 0, 16, 1319.25, 1774428, 1398
1342, 0, 949, 972, 614, 14, 4.21%, 0, 0, 17, 1315.81, 1781072, 1402
1347, 0, 949, 974, 616, 14, 4.21%, 0, 0, 17, 1321.75, 1787742, 1402
1353, 0, 949, 974, 616, 14, 4.21%, 0, 0, 17, 1320.91, 1794580, 1402
1358, 0, 949, 974, 616, 14, 4.21%, 0, 0, 17, 1337.69, 1801256, 1402
1363, 0, 698, 975, 616, 19, 4.21%, 0, 0, 17, 1327.20, 1808167, 1402
1368, 0, 931, 977, 615, 17, 4.21%, 0, 0, 17, 1337.31, 1815146, 1402
1373, 0, 966, 977, 614, 16, 4.21%, 0, 0, 17, 1334.56, 1821862, 1402
1378, 0, 476, 978, 614, 15, 4.21%, 0, 0, 17, 1315.55, 1828442, 1402
1383, 0, 976, 978, 614, 15, 4.21%, 0, 0, 17, 1332.55, 1835152, 1402
1388, 0, 976, 982, 618, 15, 4.21%, 0, 0, 17, 1294.33, 1841655, 1403
1393, 0, 553, 982, 616, 16, 4.21%, 0, 0, 17, 1329.77, 1848307, 1403
1398, 0, 957, 983, 615, 14, 4.21%, 0, 0, 17, 1317.32, 1854907, 1403
1403, 0, 969, 986, 617, 13, 4.21%, 0, 0, 18, 1294.71, 1861421, 1404
1408, 0, 969, 986, 617, 13, 4.21%, 0, 0, 18, 1328.33, 1868155, 1404
1413, 0, 985, 987, 617, 12, 4.21%, 0, 0, 19, 1332.41, 1874872, 1404
1419, 0, 967, 987, 616, 11, 4.21%, 0, 0, 19, 1350.06, 1881880, 1404
1424, 0, 302, 989, 615, 10, 4.22%, 0, 0, 19, 1330.14, 1888761, 1405
1429, 0, 983, 992, 617, 9, 4.22%, 0, 0, 19, 1345.93, 1895533, 1405
1434, 0, 983, 994, 619, 9, 4.22%, 0, 0, 19, 1363.23, 1902372, 1405
1439, 0, 983, 994, 619, 9, 4.22%, 0, 0, 19, 1261.66, 1908924, 1405
1444, 0, 983, 995, 620, 9, 4.22%, 0, 0, 19, 1187.17, 1914778, 1406
1449, 0, 983, 995, 620, 9, 4.22%, 0, 0, 19, 1294.48, 1921236, 1406
1454, 0, 483, 995, 618, 10, 4.22%, 0, 0, 19, 1129.37, 1926558, 1406
1459, 0, 91, 997, 619, 9, 4.22%, 0, 0, 19, 1395.91, 1934122, 1406
1464, 0, 992, 997, 619, 9, 4.22%, 0, 0, 19, 1422.16, 1941587, 1406
1469, 0, 365, 997, 616, 7, 4.22%, 0, 0, 19, 1401.84, 1948635, 1406
1475, 0, 513, 998, 616, 6, 4.22%, 0, 0, 19, 1456.93, 1956259, 1406
1480, 0, 134, 999, 616, 7, 4.22%, 0, 0, 19, 1445.16, 1963478, 1407
1485, 0, 948, 999, 616, 7, 4.22%, 0, 0, 19, 1430.10, 1970640, 1407
1490, 0, 67, 999, 613, 5, 4.22%, 0, 0, 19, 1328.56, 1977631, 1407
1495, 0, 988, 999, 613, 5, 4.22%, 0, 0, 19, 1303.83, 1984320, 1407
1500, 0, 972, 999, 612, 4, 4.22%, 0, 0, 19, 1328.76, 1991170, 1407
1505, 0, 815, 999, 609, 2, 4.22%, 0, 0, 19, 1207.70, 1997387, 1407
1510, 0, 505, 999, 609, 2, 4.22%, 0, 0, 19, 1031.45, 2002384, 1407
1515, 0, 911, 1005, 614, 2, 4.22%, 0, 0, 19, 1275.00, 2009235, 1407
1520, 0, 911, 1008, 617, 2, 4.22%, 0, 0, 19, 1342.45, 2016055, 1407
1525, 0, 911, 1008, 617, 2, 4.22%, 0, 0, 19, 1337.55, 2022971, 1407
1530, 0, 911, 1008, 617, 2, 4.22%, 0, 0, 19, 1352.16, 2029769, 1407
1535, 0, 999, 1009, 617, 2, 4.22%, 0, 0, 19, 1360.99, 2036638, 1407
1540, 0, 445, 1009, 616, 1, 4.22%, 0, 0, 19, 1354.38, 2043447, 1407
1546, 0, 279, 1009, 615, 1, 4.22%, 0, 0, 19, 1378.53, 2050572, 1407
1551, 0, 756, 1011, 617, 1, 4.22%, 0, 0, 19, 1342.91, 2057347, 1407
1556, 0, 756, 1011, 617, 1, 4.22%, 0, 0, 19, 1363.68, 2064152, 1407
1561, 0, 661, 1011, 617, 2, 4.22%, 0, 0, 19, 1364.45, 2071090, 1407
1566, 0, 279, 1012, 618, 3, 4.23%, 0, 0, 19, 1354.93, 2077893, 1409
1571, 0, 843, 1015, 621, 3, 4.23%, 0, 0, 19, 1349.06, 2084848, 1410
1576, 0, 843, 1017, 623, 3, 4.23%, 0, 0, 19, 1337.63, 2091622, 1410
1581, 0, 843, 1018, 624, 3, 4.23%, 0, 0, 19, 1347.02, 2098415, 1410
1586, 0, 843, 1019, 625, 3, 4.23%, 0, 0, 19, 1356.54, 2105476, 1410
1591, 0, 786, 1019, 625, 5, 4.23%, 0, 0, 19, 1389.32, 2112485, 1410
1596, 0, 483, 1020, 624, 3, 4.23%, 0, 0, 19, 1377.40, 2119617, 1410
1602, 0, 971, 1021, 623, 2, 4.23%, 0, 0, 19, 1385.39, 2126868, 1410
1607, 0, 310, 1021, 621, 1, 4.23%, 0, 0, 19, 1339.97, 2133488, 1410
1612, 0, 279, 1021, 620, 1, 4.23%, 0, 0, 19, 1363.63, 2140331, 1410
1617, 0, 857, 1021, 620, 1, 4.23%, 0, 0, 19, 1390.44, 2147305, 1410
1622, 0, 458, 1021, 620, 1, 4.23%, 0, 0, 19, 1380.11, 2154247, 1410
1627, 0, 309, 1021, 618, 0, 4.23%, 0, 0, 19, 1352.29, 2161242, 1410
1632, 0, 956, 1022, 619, 0, 4.23%, 0, 0, 19, 1339.57, 2167945, 1410
1637, 0, 587, 1022, 619, 0, 4.23%, 0, 0, 19, 1396.31, 2175250, 1410
1642, 0, 661, 1022, 619, 0, 4.23%, 0, 0, 19, 1385.89, 2182442, 1410
1647, 0, 661, 1022, 619, 0, 4.23%, 0, 0, 19, 1398.45, 2189500, 1410
1652, 0, 279, 1022, 619, 0, 4.23%, 0, 0, 19, 1394.83, 2196722, 1410
1658, 0, 815, 1022, 619, 0, 4.23%, 0, 0, 19, 1401.04, 2203991, 1410
1663, 0, 806, 1023, 620, 0, 4.23%, 0, 0, 19, 1392.17, 2210976, 1410
1668, 0, 954, 1023, 620, 0, 4.23%, 0, 0, 19, 1373.61, 2217862, 1410
1673, 0, 199, 1023, 620, 0, 4.23%, 0, 0, 19, 1328.55, 2224541, 1410
1678, 0, 711, 1023, 620, 0, 4.23%, 0, 0, 19, 1373.05, 2231685, 1410
1683, 0, 523, 1024, 621, 0, 4.23%, 0, 0, 19, 1406.92, 2238768, 1410
1688, 0, 481, 1024, 621, 0, 4.23%, 0, 0, 19, 1380.29, 2245680, 1410
1693, 0, 745, 1024, 621, 0, 4.23%, 0, 0, 19, 1375.49, 2252795, 1410
1698, 0, 483, 1024, 620, 0, 4.23%, 0, 0, 19, 1392.45, 2259786, 1410
1703, 0, 806, 1024, 620, 0, 4.23%, 0, 0, 19, 1392.17, 2266972, 1410
1708, 0, 249, 1024, 620, 0, 4.23%, 0, 0, 19, 1411.21, 2274260, 1410
1714, 0, 521, 1027, 623, 0, 4.24%, 0, 0, 19, 1387.65, 2281470, 1412
1719, 0, 839, 1028, 623, 2, 4.24%, 0, 0, 19, 1381.60, 2288336, 1413
1724, 0, 479, 1028, 623, 2, 4.24%, 0, 0, 19, 1381.98, 2295310, 1413
1729, 0, 199, 1028, 623, 2, 4.24%, 0, 0, 19, 1381.67, 2302226, 1413
1734, 0, 471, 1030, 624, 1, 4.24%, 0, 0, 19, 1360.87, 2309265, 1413
1739, 0, 839, 1030, 622, 1, 4.24%, 0, 0, 19, 1374.52, 2316337, 1413
1744, 0, 823, 1030, 621, 1, 4.24%, 0, 0, 19, 1358.50, 2323176, 1413
1749, 0, 264, 1031, 622, 1, 4.24%, 0, 0, 19, 1279.93, 2329562, 1413
1754, 0, 545, 1031, 622, 1, 4.24%, 0, 0, 19, 1324.21, 2336522, 1413
1759, 0, 698, 1031, 622, 1, 4.24%, 0, 0, 19, 1356.85, 2343363, 1413
1764, 0, 1014, 1031, 621, 0, 4.24%, 0, 0, 19, 1359.56, 2350166, 1413
1769, 0, 505, 1031, 621, 0, 4.24%, 0, 0, 19, 1370.80, 2357062, 1413
1774, 0, 967, 1031, 621, 0, 4.24%, 0, 0, 19, 1377.73, 2364006, 1413
1779, 0, 370, 1032, 622, 1, 4.24%, 0, 0, 19, 1387.64, 2370959, 1414
1785, 0, 813, 1032, 622, 1, 4.24%, 0, 0, 19, 1386.08, 2377931, 1414
1790, 0, 856, 1032, 622, 1, 4.24%, 0, 0, 19, 1377.92, 2384900, 1414
1795, 0, 972, 1032, 622, 1, 4.24%, 0, 0, 19, 1349.16, 2391561, 1414
1800, 0, 650, 1032, 622, 1, 4.24%, 0, 0, 19, 1389.62, 2398817, 1414
1805, 0, 732, 1033, 622, 1, 4.24%, 0, 0, 19, 1362.66, 2405912, 1414
1810, 0, 819, 1033, 620, 1, 4.24%, 0, 0, 19, 1357.31, 2412740, 1414
1815, 0, 894, 1033, 620, 1, 4.24%, 0, 0, 19, 1374.93, 2419652, 1414
1820, 0, 1031, 1034, 619, 1, 4.25%, 0, 0, 19, 1382.66, 2426844, 1415
1825, 0, 1031, 1035, 620, 1, 4.25%, 0, 0, 19, 1359.02, 2433625, 1415
1830, 0, 483, 1035, 618, 1, 4.25%, 0, 0, 19, 1370.96, 2440575, 1415
1835, 0, 1033, 1036, 619, 1, 4.25%, 0, 0, 20, 1377.90, 2447704, 1415
1841, 0, 876, 1037, 618, 0, 4.25%, 0, 0, 21, 1374.61, 2454585, 1415
1846, 0, 967, 1037, 618, 0, 4.25%, 0, 0, 21, 1377.19, 2461474, 1415
1851, 0, 483, 1037, 618, 0, 4.25%, 0, 0, 21, 1372.07, 2468330, 1415
1856, 0, 815, 1037, 618, 0, 4.25%, 0, 0, 21, 1368.76, 2475171, 1415
1861, 0, 972, 1037, 618, 0, 4.25%, 0, 0, 21, 1339.02, 2481788, 1415
1866, 0, 537, 1037, 618, 0, 4.25%, 0, 0, 21, 1354.85, 2488550, 1415
1871, 0, 1037, 1038, 619, 1, 4.26%, 0, 0, 21, 1368.40, 2495383, 1419
1876, 0, 1038, 1045, 625, 1, 4.27%, 0, 0, 21, 1363.74, 2502431, 1422
1881, 0, 1038, 1045, 625, 1, 4.27%, 0, 0, 21, 1384.92, 2509694, 1422
1886, 0, 1038, 1047, 627, 1, 4.27%, 0, 0, 21, 1393.82, 2516701, 1424
1891, 0, 1038, 1047, 627, 1, 4.27%, 0, 0, 21, 1404.43, 2523978, 1424
1896, 0, 1045, 1048, 626, 2, 4.28%, 0, 0, 21, 1372.38, 2530792, 1426
1901, 0, 815, 1050, 626, 3, 4.29%, 0, 0, 21, 1398.06, 2537999, 1430
1907, 0, 1047, 1053, 628, 4, 4.30%, 0, 0, 21, 1390.37, 2545206, 1433
1912, 0, 88, 1053, 625, 3, 4.30%, 0, 0, 21, 1367.47, 2552136, 1433
1917, 0, 815, 1055, 625, 3, 4.30%, 0, 0, 21, 1383.51, 2559122, 1434
1922, 0, 483, 1056, 624, 2, 4.31%, 0, 0, 21, 1390.12, 2566333, 1435
1927, 0, 877, 1056, 624, 2, 4.31%, 0, 0, 21, 1384.63, 2573282, 1435
1932, 0, 1053, 1062, 630, 2, 4.31%, 0, 0, 21, 1356.06, 2580281, 1438
1937, 0, 1053, 1065, 633, 2, 4.33%, 0, 0, 21, 1389.21, 2587538, 1442
1942, 0, 1053, 1066, 634, 2, 4.33%, 0, 0, 21, 1121.60, 2592792, 1444
1947, 0, 1053, 1067, 635, 2, 4.33%, 0, 0, 21, 889.13, 2597695, 1444
1953, 0, 1062, 1072, 639, 7, 4.35%, 0, 0, 21, 941.36, 2602235, 1449
1958, 0, 1062, 1075, 642, 7, 4.36%, 0, 0, 21, 1103.90, 2608082, 1453
1963, 0, 1062, 1075, 642, 7, 4.36%, 0, 0, 21, 783.01, 2611835, 1453
1968, 0, 1062, 1075, 642, 7, 4.36%, 0, 0, 21, 810.93, 2615904, 1453
1973, 0, 1062, 1076, 643, 7, 4.36%, 0, 0, 21, 895.15, 2620438, 1454
1978, 0, 1062, 1076, 643, 7, 4.36%, 0, 0, 21, 953.08, 2625663, 1454
1983, 0, 1062, 1076, 643, 7, 4.36%, 0, 0, 21, 1217.54, 2632071, 1454
1988, 0, 1072, 1076, 642, 15, 4.36%, 0, 0, 21, 1307.01, 2638745, 1454
1993, 0, 1074, 1076, 639, 12, 4.36%, 0, 0, 21, 1327.04, 2645447, 1454
1999, 0, 1064, 1076, 637, 10, 4.36%, 0, 0, 21, 1317.95, 2652309, 1454
2004, 0, 1068, 1076, 634, 8, 4.36%, 0, 0, 21, 1301.48, 2659005, 1454
2009, 0, 773, 1076, 632, 6, 4.36%, 0, 0, 21, 1267.00, 2665576, 1454
2014, 0, 1061, 1077, 632, 5, 4.36%, 0, 0, 21, 1293.67, 2672145, 1454
2019, 0, 1073, 1080, 632, 3, 4.37%, 0, 0, 21, 1302.16, 2678932, 1455
2024, 0, 957, 1080, 630, 3, 4.37%, 0, 0, 21, 1286.61, 2685545, 1455
2030, 0, 274, 1082, 631, 2, 4.37%, 0, 0, 21, 1238.38, 2692094, 1455
2035, 0, 351, 1084, 632, 2, 4.37%, 0, 0, 21, 1239.91, 2698119, 1455
2040, 0, 240, 1084, 631, 2, 4.37%, 0, 0, 21, 1026.58, 2703257, 1455
2045, 0, 505, 1084, 631, 2, 4.37%, 0, 0, 21, 879.59, 2707115, 1455
2050, 0, 1063, 1084, 631, 2, 4.37%, 0, 0, 21, 943.65, 2711828, 1455
2055, 0, 1075, 1084, 630, 1, 4.37%, 0, 0, 21, 858.77, 2716036, 1455
2060, 0, 856, 1084, 630, 1, 4.37%, 0, 0, 21, 898.09, 2720663, 1455
2065, 0, 650, 1084, 629, 1, 4.37%, 0, 0, 21, 946.26, 2725618, 1455
2070, 0, 1079, 1084, 629, 1, 4.37%, 0, 0, 21, 919.57, 2730341, 1455
2075, 0, 1058, 1084, 628, 0, 4.37%, 0, 0, 21, 756.10, 2734182, 1455
2081, 0, 1058, 1085, 629, 0, 4.37%, 0, 0, 21, 1077.69, 2739907, 1455
2086, 0, 1058, 1085, 629, 0, 4.37%, 0, 0, 21, 1127.71, 2745906, 1455
2091, 0, 299, 1085, 629, 0, 4.37%, 0, 0, 21, 1065.61, 2750650, 1455
2096, 0, 307, 1085, 629, 0, 4.37%, 0, 0, 21, 983.75, 2755936, 1455
2101, 0, 931, 1085, 629, 0, 4.37%, 0, 0, 21, 848.88, 2759946, 1455
2106, 0, 1074, 1085, 629, 0, 4.37%, 0, 0, 21, 865.92, 2764554, 1455
2111, 0, 1062, 1085, 629, 0, 4.37%, 0, 0, 21, 944.05, 2769596, 1455
2116, 0, 815, 1085, 629, 0, 4.37%, 0, 0, 21, 869.91, 2773945, 1455
2121, 0, 979, 1085, 629, 0, 4.37%, 0, 0, 21, 1020.36, 2779359, 1455
2126, 0, 482, 1086, 630, 0, 4.37%, 0, 0, 21, 914.14, 2783818, 1455
2131, 0, 279, 1086, 630, 0, 4.37%, 0, 0, 21, 967.89, 2788618, 1455
2136, 0, 1058, 1086, 630, 0, 4.37%, 0, 0, 21, 949.97, 2793606, 1455
2142, 0, 1058, 1086, 630, 0, 4.37%, 0, 0, 21, 970.05, 2798570, 1455
2147, 0, 1058, 1086, 630, 0, 4.37%, 0, 0, 21, 935.02, 2803395, 1455
2152, 0, 1058, 1086, 630, 0, 4.37%, 0, 0, 21, 957.84, 2808248, 1455
2157, 0, 1058, 1086, 630, 0, 4.37%, 0, 0, 21, 1025.13, 2813356, 1455
2162, 0, 1058, 1086, 630, 0, 4.37%, 0, 0, 21, 1090.49, 2818838, 1455
2167, 0, 897, 1088, 632, 0, 4.37%, 0, 0, 21, 981.50, 2823776, 1456
2172, 0, 839, 1089, 633, 2, 4.37%, 0, 0, 21, 963.70, 2828721, 1457
2177, 0, 1027, 1089, 633, 2, 4.37%, 0, 0, 21, 1012.10, 2833804, 1457
2182, 0, 587, 1089, 633, 2, 4.37%, 0, 0, 21, 1017.20, 2839143, 1457
2187, 0, 482, 1090, 634, 2, 4.37%, 0, 0, 21, 982.64, 2843946, 1457
2193, 0, 482, 1094, 638, 2, 4.37%, 0, 0, 21, 920.27, 2848631, 1457
2198, 0, 1086, 1094, 637, 2, 4.37%, 0, 0, 21, 964.50, 2853593, 1457
2203, 0, 745, 1094, 636, 1, 4.37%, 0, 0, 21, 970.94, 2858666, 1457
2208, 0, 544, 1094, 636, 1, 4.37%, 0, 0, 21, 966.91, 2863656, 1457
2213, 0, 815, 1094, 635, 1, 4.37%, 0, 0, 21, 955.38, 2868748, 1457
2218, 0, 724, 1094, 635, 1, 4.37%, 0, 0, 21, 986.44, 2873709, 1457
2223, 0, 714, 1094, 635, 1, 4.37%, 0, 0, 21, 986.46, 2878636, 1457
2228, 0, 1088, 1095, 636, 1, 4.37%, 0, 0, 21, 986.56, 2883664, 1457
2233, 0, 310, 1095, 635, 0, 4.37%, 0, 0, 21, 933.85, 2888319, 1457
2239, 0, 815, 1095, 635, 0, 4.37%, 0, 0, 21, 988.84, 2893487, 1457
2244, 0, 505, 1095, 635, 0, 4.37%, 0, 0, 21, 949.12, 2898527, 1457
2249, 0, 997, 1095, 635, 0, 4.37%, 0, 0, 21, 1003.10, 2903772, 1457
2254, 0, 815, 1095, 635, 0, 4.37%, 0, 0, 21, 1003.95, 2908967, 1457
2259, 0, 963, 1095, 635, 0, 4.37%, 0, 0, 21, 980.32, 2914126, 1457
2264, 0, 489, 1095, 635, 0, 4.37%, 0, 0, 21, 600.96, 2916618, 1457
2270, 0, 1079, 1095, 635, 0, 4.37%, 0, 0, 21, 645.24, 2919781, 1457
2275, 0, 858, 1095, 635, 0, 4.37%, 0, 0, 21, 995.65, 2925097, 1457
2280, 0, 637, 1095, 635, 0, 4.37%, 0, 0, 21, 1109.31, 2931095, 1457
2285, 0, 839, 1095, 635, 0, 4.37%, 0, 0, 21, 1113.45, 2936790, 1457
2290, 0, 1058, 1095, 635, 0, 4.37%, 0, 0, 21, 1152.97, 2942668, 1457
2295, 0, 1058, 1095, 635, 0, 4.37%, 0, 0, 21, 1123.01, 2948335, 1457
2300, 0, 1051, 1095, 635, 0, 4.37%, 0, 0, 21, 1122.08, 2954111, 1457
2305, 0, 776, 1096, 635, 1, 4.37%, 0, 0, 21, 1133.82, 2959838, 1458
2310, 0, 505, 1096, 635, 1, 4.37%, 0, 0, 21, 1113.66, 2965485, 1458
2315, 0, 439, 1096, 635, 1, 4.37%, 0, 0, 21, 1134.04, 2971270, 1458
2320, 0, 439, 1096, 635, 1, 4.37%, 0, 0, 21, 1088.18, 2976715, 1458
2325, 0, 815, 1096, 635, 1, 4.37%, 0, 0, 21, 1109.97, 2982370, 1458
2330, 0, 1073, 1096, 635, 1, 4.37%, 0, 0, 21, 1117.16, 2988009, 1458
2336, 0, 1095, 1096, 635, 1, 4.37%, 0, 0, 21, 1123.58, 2993883, 1458
2341, 0, 506, 1096, 634, 0, 4.37%, 0, 0, 21, 1148.29, 2999715, 1458
2346, 0, 856, 1096, 634, 0, 4.37%, 0, 0, 21, 1179.85, 3005741, 1458
2351, 0, 972, 1096, 634, 0, 4.37%, 0, 0, 21, 1120.77, 3011333, 1458
2356, 0, 293, 1096, 634, 0, 4.37%, 0, 0, 21, 1051.80, 3016466, 1458
2361, 0, 236, 1096, 634, 0, 4.37%, 0, 0, 21, 1109.09, 3021931, 1458
2366, 0, 806, 1096, 634, 0, 4.37%, 0, 0, 21, 1061.99, 3027331, 1458
2371, 0, 227, 1097, 635, 0, 4.37%, 0, 0, 21, 1113.49, 3032942, 1458
2376, 1, 505, 1097, 635, 0, 4.37%, 0, 0, 21, 1151.11, 3038936, 1458
2381, 1, 305, 1097, 635, 0, 4.37%, 0, 0, 21, 1127.71, 3044513, 1458
2386, 1, 584, 1097, 635, 0, 4.37%, 0, 0, 21, 1136.19, 3050455, 1458
2391, 1, 100, 1097, 635, 0, 4.37%, 0, 0, 21, 1165.53, 3056345, 1458
2396, 1, 587, 1097, 635, 0, 4.37%, 0, 0, 21, 1131.55, 3061997, 1458
2402, 1, 299, 1098, 636, 0, 4.37%, 0, 0, 21, 1157.68, 3067939, 1458
2407, 1, 215, 1099, 636, 0, 4.37%, 0, 0, 21, 1128.34, 3073525, 1458
2412, 1, 1009, 1099, 636, 0, 4.37%, 0, 0, 21, 1141.59, 3079482, 1458
2417, 1, 988, 1099, 636, 0, 4.37%, 0, 0, 21, 1083.92, 3084958, 1458
2422, 1, 1009, 1101, 638, 0, 4.37%, 0, 0, 21, 1139.76, 3090788, 1458
2427, 1, 785, 1101, 638, 1, 4.37%, 0, 0, 21, 1122.00, 3096468, 1458
2432, 1, 246, 1101, 638, 1, 4.37%, 0, 0, 21, 1193.22, 3102725, 1458
2437, 1, 507, 1101, 637, 1, 4.37%, 0, 0, 21, 1136.61, 3108566, 1458
2443, 1, 806, 1101, 636, 1, 4.37%, 0, 0, 21, 1106.74, 3114309, 1458
2448, 1, 505, 1103, 638, 1, 4.37%, 0, 0, 21, 1134.08, 3120061, 1458
2453, 1, 279, 1103, 638, 1, 4.37%, 0, 0, 21, 1087.38, 3125574, 1458
2458, 1, 815, 1103, 638, 1, 4.37%, 0, 0, 21, 1114.62, 3131257, 1458
2463, 1, 196, 1104, 638, 1, 4.37%, 0, 0, 21, 1112.95, 3136915, 1458
2468, 1, 752, 1105, 639, 1, 4.37%, 0, 0, 21, 1139.58, 3142682, 1458
2473, 1, 650, 1105, 638, 0, 4.37%, 0, 0, 21, 1059.71, 3147995, 1458
2478, 1, 714, 1105, 638, 0, 4.37%, 0, 0, 21, 1124.30, 3153923, 1458
2483, 1, 505, 1105, 638, 0, 4.37%, 0, 0, 21, 1105.65, 3159658, 1458
2488, 1, 279, 1105, 638, 0, 4.37%, 0, 0, 21, 1146.43, 3165362, 1458
2493, 1, 950, 1105, 638, 0, 4.37%, 0, 0, 21, 1117.53, 3170882, 1458
2499, 1, 381, 1106, 639, 0, 4.41%, 0, 0, 21, 1134.99, 3176781, 1471
2504, 1, 1105, 1140, 673, 1, 4.53%, 0, 0, 21, 1110.05, 3182330, 1510
2509, 1, 1105, 1144, 677, 1, 4.53%, 0, 0, 21, 1120.55, 3188154, 1511
2514, 1, 1105, 1146, 679, 1, 4.54%, 0, 0, 21, 1113.39, 3193778, 1513
2519, 1, 1105, 1148, 681, 1, 4.54%, 0, 0, 21, 1120.28, 3199446, 1514
2524, 1, 1105, 1151, 684, 1, 4.56%, 0, 0, 21, 1187.42, 3205501, 1520
2529, 1, 1105, 1153, 686, 1, 4.56%, 0, 0, 21, 1134.11, 3211249, 1520
2534, 1, 1152, 1159, 691, 21, 4.57%, 0, 0, 21, 1101.07, 3216820, 1522
2539, 1, 1152, 1167, 699, 21, 4.57%, 0, 0, 21, 1101.39, 3222376, 1523
2544, 1, 1152, 1168, 700, 21, 4.57%, 0, 0, 21, 1132.91, 3228081, 1523
2549, 1, 1152, 1168, 700, 21, 4.57%, 0, 0, 21, 1137.47, 3233801, 1523
2554, 1, 1152, 1170, 702, 21, 4.57%, 0, 0, 21, 1150.19, 3239777, 1523
2559, 1, 1152, 1171, 703, 21, 4.57%, 0, 0, 21, 1132.16, 3245504, 1523
2564, 1, 1152, 1180, 712, 21, 4.58%, 0, 0, 21, 1151.54, 3251257, 1526
2569, 1, 199, 1183, 713, 27, 4.58%, 0, 0, 21, 1119.09, 3256828, 1526
2574, 1, 1160, 1189, 718, 26, 4.58%, 0, 0, 21, 1153.51, 3262634, 1526
2580, 1, 1160, 1189, 718, 26, 4.58%, 0, 0, 21, 1119.54, 3268200, 1526
2585, 1, 1160, 1190, 719, 26, 4.58%, 0, 0, 21, 1149.69, 3273971, 1526
2590, 1, 1160, 1191, 720, 26, 4.58%, 0, 0, 21, 1135.14, 3279676, 1526
2595, 1, 1109, 1192, 720, 25, 4.58%, 0, 0, 21, 1138.13, 3285336, 1526
2600, 1, 1176, 1193, 719, 23, 4.58%, 0, 0, 21, 1147.20, 3291081, 1526
2605, 1, 1161, 1197, 721, 22, 4.58%, 0, 0, 21, 1114.22, 3296787, 1527
2610, 1, 1161, 1198, 722, 22, 4.58%, 0, 0, 21, 1140.08, 3302660, 1528
2615, 1, 1167, 1198, 721, 22, 4.58%, 0, 0, 21, 1132.32, 3308530, 1528
2620, 1, 1171, 1199, 719, 19, 4.58%, 0, 0, 21, 894.52, 3312892, 1528
2626, 1, 1188, 1200, 717, 17, 4.58%, 0, 0, 21, 1059.26, 3318575, 1528
2631, 1, 1188, 1206, 723, 17, 4.60%, 0, 0, 21, 1099.50, 3324098, 1532
2636, 1, 1188, 1207, 724, 17, 4.60%, 0, 0, 21, 1077.30, 3329502, 1532
2641, 1, 1188, 1207, 724, 17, 4.60%, 0, 0, 21, 1119.79, 3335085, 1532
2646, 1, 1188, 1207, 724, 17, 4.60%, 0, 0, 21, 1086.36, 3340569, 1532
2651, 1, 1175, 1211, 727, 18, 4.60%, 0, 0, 21, 1083.14, 3346236, 1532
2656, 1, 1201, 1215, 730, 17, 4.60%, 0, 0, 21, 1022.69, 3351366, 1532
2661, 1, 1201, 1216, 731, 17, 4.60%, 0, 0, 21, 1093.93, 3356951, 1532
2666, 1, 1201, 1217, 732, 17, 4.60%, 0, 0, 21, 1062.58, 3362299, 1533
2671, 1, 1201, 1217, 732, 17, 4.60%, 0, 0, 21, 1118.89, 3368002, 1533
2676, 1, 1201, 1217, 732, 17, 4.60%, 0, 0, 21, 1062.26, 3373345, 1533
2681, 1, 1200, 1221, 735, 17, 4.60%, 0, 0, 21, 1090.25, 3378933, 1534
2686, 1, 1200, 1223, 737, 17, 4.60%, 0, 0, 21, 991.55, 3383903, 1534
2691, 1, 1200, 1224, 738, 17, 4.60%, 0, 0, 21, 1068.93, 3389370, 1534
2696, 1, 1200, 1224, 738, 17, 4.60%, 0, 0, 21, 1058.92, 3394725, 1534
2701, 1, 1200, 1224, 738, 17, 4.60%, 0, 0, 21, 1098.24, 3400227, 1534
2706, 1, 1220, 1228, 741, 16, 4.60%, 0, 0, 21, 1079.42, 3405623, 1534
2711, 1, 1220, 1231, 744, 16, 4.60%, 0, 0, 21, 1089.98, 3411279, 1534
2716, 1, 1220, 1231, 744, 16, 4.60%, 0, 0, 21, 1037.58, 3416378, 1534
2721, 1, 1220, 1233, 746, 16, 4.60%, 0, 0, 21, 1126.25, 3422060, 1534
2727, 1, 1220, 1233, 746, 16, 4.60%, 0, 0, 21, 1062.54, 3427379, 1534
2732, 1, 786, 1233, 745, 15, 4.60%, 0, 0, 21, 1038.29, 3432511, 1534
2737, 1, 1184, 1234, 745, 14, 4.60%, 0, 0, 21, 1045.52, 3437701, 1534
2742, 1, 1099, 1235, 743, 11, 4.60%, 0, 0, 21, 1084.45, 3443206, 1534
2747, 1, 1058, 1235, 743, 11, 4.60%, 0, 0, 21, 988.56, 3448310, 1534
2752, 1, 1058, 1235, 743, 11, 4.60%, 0, 0, 21, 788.37, 3452160, 1534
2757, 1, 1221, 1235, 743, 11, 4.60%, 0, 0, 21, 931.53, 3456996, 1534
2762, 1, 312, 1235, 741, 9, 4.60%, 0, 0, 21, 1024.15, 3462247, 1534
2767, 1, 745, 1235, 740, 8, 4.60%, 0, 0, 21, 1041.90, 3467665, 1534
2772, 1, 1216, 1236, 740, 7, 4.60%, 0, 0, 21, 960.38, 3472378, 1534
2777, 1, 1235, 1238, 741, 7, 4.60%, 0, 0, 21, 970.45, 3477248, 1534
2782, 1, 1235, 1239, 742, 7, 4.60%, 0, 0, 21, 999.39, 3482315, 1534
2787, 1, 1235, 1241, 744, 7, 4.60%, 0, 0, 21, 1010.53, 3487389, 1534
2792, 1, 1235, 1242, 745, 7, 4.60%, 0, 0, 21, 1016.80, 3492476, 1534
2797, 1, 1235, 1243, 746, 7, 4.60%, 0, 0, 21, 1065.23, 3497899, 1534
2802, 1, 1235, 1244, 747, 7, 4.61%, 0, 0, 21, 1045.30, 3503210, 1535
2808, 1, 539, 1244, 745, 7, 4.61%, 0, 0, 21, 1050.26, 3508688, 1535
2813, 1, 1058, 1244, 745, 7, 4.61%, 0, 0, 21, 1006.15, 3513794, 1535
2818, 1, 1058, 1244, 745, 7, 4.61%, 0, 0, 21, 1021.37, 3519076, 1535
2823, 1, 1037, 1245, 746, 8, 4.61%, 0, 0, 21, 1081.19, 3524597, 1535
2828, 1, 1209, 1245, 746, 8, 4.61%, 0, 0, 21, 1199.30, 3530769, 1535
2833, 1, 1179, 1245, 743, 6, 4.61%, 0, 0, 21, 1055.32, 3536111, 1535
2838, 1, 199, 1245, 743, 6, 4.61%, 0, 0, 21, 1032.06, 3541289, 1535
2843, 1, 1197, 1248, 746, 6, 4.61%, 0, 0, 21, 1043.16, 3546630, 1538
2848, 1, 1245, 1248, 745, 8, 4.61%, 0, 0, 21, 1063.08, 3552165, 1538
2853, 1, 1128, 1249, 745, 8, 4.62%, 0, 0, 21, 1077.70, 3557631, 1539
2858, 1, 1243, 1249, 744, 7, 4.62%, 0, 0, 21, 1085.06, 3563106, 1539
2863, 1, 743, 1249, 742, 5, 4.62%, 0, 0, 21, 1075.55, 3568544, 1539
2868, 1, 479, 1249, 742, 5, 4.62%, 0, 0, 21, 1074.45, 3573972, 1539
2874, 1, 1248, 1249, 742, 5, 4.62%, 0, 0, 21, 872.96, 3578578, 1539
2879, 1, 714, 1249, 740, 4, 4.62%, 0, 0, 21, 832.65, 3582466, 1539
2884, 1, 1238, 1250, 741, 4, 4.62%, 0, 0, 21, 925.72, 3586958, 1539
2889, 1, 1182, 1250, 740, 4, 4.62%, 0, 0, 21, 668.71, 3590531, 1539
2894, 1, 714, 1250, 739, 3, 4.62%, 0, 0, 21, 477.81, 3592659, 1539
2899, 1, 652, 1251, 740, 3, 4.62%, 0, 0, 21, 848.44, 3597415, 1539
2904, 1, 799, 1252, 741, 3, 4.62%, 0, 0, 21, 903.18, 3602157, 1539
2909, 1, 483, 1252, 741, 3, 4.62%, 0, 0, 21, 963.27, 3607168, 1539
2915, 1, 460, 1252, 741, 3, 4.62%, 0, 0, 21, 1014.98, 3612428, 1539
2920, 1, 1171, 1252, 741, 3, 4.62%, 0, 0, 21, 1004.94, 3617631, 1539
2925, 1, 306, 1252, 741, 3, 4.62%, 0, 0, 21, 938.42, 3622154, 1539
2930, 1, 1144, 1252, 740, 2, 4.62%, 0, 0, 21, 932.24, 3626774, 1539
2935, 1, 1099, 1252, 738, 1, 4.62%, 0, 0, 21, 951.74, 3631729, 1539
2940, 1, 596, 1252, 738, 1, 4.62%, 0, 0, 21, 932.02, 3636565, 1539
2945, 1, 84, 1252, 737, 1, 4.62%, 0, 0, 21, 960.27, 3641496, 1539
2951, 1, 547, 1253, 737, 1, 4.62%, 0, 0, 21, 924.01, 3646319, 1539
2956, 1, 851, 1253, 737, 1, 4.62%, 0, 0, 21, 920.49, 3651093, 1539
2961, 1, 483, 1253, 737, 1, 4.62%, 0, 0, 21, 964.76, 3655920, 1539
2966, 1, 724, 1253, 737, 1, 4.62%, 0, 0, 21, 971.34, 3661022, 1539
2971, 1, 979, 1253, 737, 1, 4.62%, 0, 0, 21, 969.72, 3665886, 1539
2976, 1, 1220, 1253, 737, 1, 4.62%, 0, 0, 21, 987.35, 3670849, 1539
2981, 1, 1220, 1253, 737, 1, 4.62%, 0, 0, 21, 1018.57, 3675990, 1539
2986, 1, 839, 1253, 737, 1, 4.62%, 0, 0, 21, 969.87, 3680872, 1539
2991, 1, 856, 1253, 737, 1, 4.62%, 0, 0, 21, 999.27, 3686109, 1539
2996, 1, 1205, 1253, 737, 1, 4.62%, 0, 0, 21, 971.48, 3691148, 1539
3002, 1, 1037, 1253, 736, 1, 4.62%, 0, 0, 21, 1001.27, 3696215, 1539
3007, 1, 1084, 1255, 738, 1, 4.62%, 0, 0, 21, 889.19, 3700585, 1539
3012, 1, 24, 1255, 737, 1, 4.62%, 0, 0, 21, 951.41, 3705609, 1539
3017, 1, 7, 1255, 737, 1, 4.62%, 0, 0, 21, 831.58, 3709731, 1539
3022, 1, 1247, 1257, 739, 1, 4.62%, 0, 0, 21, 935.14, 3714702, 1539
3027, 1, 1247, 1258, 740, 1, 4.62%, 0, 0, 21, 964.91, 3719623, 1539
3032, 1, 1055, 1258, 739, 1, 4.62%, 0, 0, 21, 977.73, 3724624, 1539
3038, 1, 199, 1258, 738, 1, 4.62%, 0, 0, 21, 984.08, 3729689, 1539
3043, 1, 999, 1258, 738, 1, 4.62%, 0, 0, 21, 964.88, 3734714, 1539
3048, 1, 439, 1259, 739, 1, 4.62%, 0, 0, 21, 958.89, 3739739, 1539
3053, 1, 505, 1260, 740, 1, 4.62%, 0, 0, 21, 939.31, 3744643, 1539
3058, 1, 815, 1261, 740, 0, 4.62%, 0, 0, 21, 950.72, 3749587, 1539
3064, 1, 545, 1261, 740, 0, 4.62%, 0, 0, 21, 953.19, 3754539, 1539
3069, 1, 486, 1261, 740, 0, 4.62%, 0, 0, 21, 929.03, 3759364, 1539
3074, 1, 486, 1261, 740, 0, 4.62%, 0, 0, 21, 917.56, 3764122, 1539
3079, 1, 574, 1261, 740, 0, 4.62%, 0, 0, 21, 974.25, 3769246, 1539
3084, 1, 1086, 1261, 740, 0, 4.62%, 0, 0, 21, 928.18, 3774076, 1539
3089, 1, 823, 1261, 740, 0, 4.62%, 0, 0, 21, 869.73, 3778371, 1539
3094, 1, 841, 1261, 739, 0, 4.62%, 0, 0, 21, 901.63, 3782988, 1539
3099, 1, 505, 1261, 739, 0, 4.62%, 0, 0, 21, 889.27, 3787460, 1539
3105, 1, 856, 1261, 739, 0, 4.62%, 0, 0, 21, 865.43, 3791965, 1539
3110, 1, 1072, 1261, 739, 0, 4.62%, 0, 0, 21, 917.65, 3796589, 1539
3115, 1, 931, 1261, 739, 0, 4.62%, 0, 0, 21, 782.30, 3800426, 1539
3120, 1, 574, 1261, 739, 0, 4.62%, 0, 0, 21, 787.33, 3804243, 1539
3125, 1, 1220, 1261, 739, 0, 4.62%, 0, 0, 21, 885.60, 3808851, 1539
3130, 1, 190, 1261, 739, 0, 4.62%, 0, 0, 21, 946.68, 3813731, 1539
3135, 1, 963, 1262, 740, 0, 4.62%, 0, 0, 21, 949.25, 3818632, 1539
3140, 1, 67, 1262, 740, 0, 4.62%, 0, 0, 21, 918.05, 3823190, 1539
3145, 1, 1099, 1263, 741, 0, 4.62%, 0, 0, 21, 928.20, 3827739, 1539
3151, 1, 481, 1265, 743, 0, 4.62%, 0, 0, 21, 970.03, 3832816, 1539
3156, 1, 481, 1266, 744, 0, 4.62%, 0, 0, 21, 963.64, 3837611, 1539
3161, 1, 481, 1267, 745, 0, 4.62%, 0, 0, 21, 992.35, 3842672, 1539
3166, 1, 481, 1267, 745, 0, 4.62%, 0, 0, 21, 945.12, 3847379, 1539
3171, 1, 481, 1268, 746, 0, 4.62%, 0, 0, 21, 1022.47, 3852772, 1539
3176, 1, 505, 1268, 746, 0, 4.62%, 0, 0, 21, 939.12, 3857716, 1539
3181, 1, 524, 1268, 746, 0, 4.62%, 0, 0, 21, 960.60, 3862569, 1539
3186, 1, 1031, 1268, 746, 0, 4.62%, 0, 0, 21, 960.84, 3867362, 1539
3191, 1, 806, 1268, 745, 0, 4.62%, 0, 0, 21, 872.02, 3871890, 1539
3197, 1, 79, 1268, 745, 0, 4.62%, 0, 0, 21, 552.24, 3874225, 1539
3202, 1, 574, 1268, 745, 0, 4.62%, 0, 0, 21, 605.32, 3877241, 1539
3207, 1, 1209, 1269, 746, 0, 4.62%, 0, 0, 21, 978.70, 3882664, 1539
3212, 1, 1268, 1271, 748, 1, 4.62%, 0, 0, 21, 1055.54, 3888217, 1539
3217, 1, 815, 1271, 747, 0, 4.62%, 0, 0, 21, 1132.69, 3894057, 1539
3222, 1, 813, 1271, 747, 0, 4.62%, 0, 0, 21, 1111.82, 3899647, 1539
3227, 1, 1130, 1271, 747, 0, 4.62%, 0, 0, 21, 1140.07, 3905384, 1539
3232, 1, 1072, 1271, 747, 0, 4.62%, 0, 0, 21, 1162.31, 3911213, 1539
3237, 1, 1175, 1271, 746, 0, 4.62%, 0, 0, 21, 1146.48, 3917157, 1539
3242, 1, 551, 1273, 748, 0, 4.62%, 0, 0, 21, 1214.09, 3923350, 1539
3248, 1, 643, 1273, 748, 0, 4.62%, 0, 0, 21, 1157.65, 3929336, 1539
3253, 1, 1064, 1273, 748, 0, 4.62%, 0, 0, 21, 1102.41, 3934865, 1539
3258, 1, 650, 1273, 748, 0, 4.62%, 0, 0, 21, 835.71, 3939098, 1539
3263, 1, 479, 1273, 748, 0, 4.62%, 0, 0, 21, 797.71, 3943254, 1539
3268, 1, 545, 1273, 748, 0, 4.62%, 0, 0, 21, 1027.22, 3948664, 1539
3273, 1, 1058, 1273, 748, 0, 4.62%, 0, 0, 21, 1064.90, 3954005, 1539
3278, 1, 1058, 1273, 748, 0, 4.62%, 0, 0, 21, 1136.27, 3959756, 1539
3283, 1, 1130, 1273, 748, 0, 4.62%, 0, 0, 21, 1314.05, 3966366, 1539
3288, 1, 505, 1273, 748, 0, 4.62%, 0, 0, 21, 1210.53, 3972256, 1539
3293, 1, 1114, 1274, 749, 0, 4.62%, 0, 0, 21, 1313.37, 3978904, 1539
3298, 1, 317, 1274, 749, 0, 4.62%, 0, 0, 21, 1331.77, 3985578, 1539
3304, 1, 539, 1275, 749, 0, 4.62%, 0, 0, 21, 1321.20, 3992409, 1540
3309, 1, 483, 1275, 748, 0, 4.62%, 0, 0, 21, 1335.23, 3999094, 1540
3314, 1, 196, 1275, 748, 0, 4.62%, 0, 0, 21, 1369.65, 4005990, 1540
3319, 1, 279, 1276, 748, 1, 4.62%, 0, 0, 21, 1354.31, 4013072, 1540
3324, 1, 483, 1278, 749, 1, 4.62%, 0, 0, 21, 1383.60, 4020292, 1540
3329, 1, 1181, 1278, 749, 1, 4.62%, 0, 0, 21, 1358.22, 4027101, 1540
3334, 1, 815, 1278, 749, 1, 4.62%, 0, 0, 21, 1214.45, 4033313, 1540
3339, 1, 650, 1279, 748, 1, 4.62%, 0, 0, 21, 1289.58, 4039861, 1540
3344, 1, 505, 1279, 748, 1, 4.62%, 0, 0, 21, 1339.84, 4046823, 1540
3350, 1, 1161, 1280, 748, 0, 4.62%, 0, 0, 21, 1382.93, 4053987, 1540
3355, 1, 713, 1280, 748, 0, 4.62%, 0, 0, 21, 1321.68, 4060795, 1540
3360, 1, 637, 1280, 747, 0, 4.62%, 0, 0, 21, 1370.82, 4067732, 1540
3365, 1, 373, 1280, 747, 0, 4.62%, 0, 0, 21, 1372.82, 4074604, 1540
3370, 1, 823, 1280, 747, 0, 4.62%, 0, 0, 21, 1340.91, 4081392, 1540
3375, 1, 677, 1281, 748, 0, 4.62%, 0, 0, 21, 1322.03, 4088290, 1540
3380, 1, 483, 1281, 747, 0, 4.62%, 0, 0, 21, 1327.37, 4095228, 1540
3385, 1, 962, 1281, 747, 0, 4.62%, 0, 0, 21, 1350.31, 4102036, 1540
3390, 1, 483, 1281, 747, 0, 4.62%, 0, 0, 21, 1341.86, 4109054, 1540
3396, 1, 502, 1281, 747, 0, 4.62%, 0, 0, 21, 1351.54, 4116116, 1540
3401, 1, 786, 1281, 747, 0, 4.62%, 0, 0, 21, 1379.77, 4123327, 1540
3406, 1, 309, 1281, 747, 0, 4.62%, 0, 0, 21, 1196.79, 4129325, 1540
3411, 1, 505, 1281, 747, 0, 4.62%, 0, 0, 21, 1123.15, 4134760, 1540
3416, 1, 947, 1281, 747, 0, 4.62%, 0, 0, 21, 1217.18, 4140834, 1540
3421, 1, 815, 1281, 747, 0, 4.62%, 0, 0, 21, 1311.45, 4147490, 1540
3426, 1, 920, 1281, 746, 0, 4.62%, 0, 0, 21, 1327.67, 4154156, 1540
3431, 1, 733, 1281, 746, 0, 4.62%, 0, 0, 21, 1338.98, 4160880, 1540
3436, 1, 199, 1281, 745, 0, 4.62%, 0, 0, 21, 1331.13, 4167853, 1540
3441, 1, 950, 1281, 745, 0, 4.62%, 0, 0, 21, 1319.28, 4174780, 1540
3446, 1, 1058, 1281, 745, 0, 4.62%, 0, 0, 21, 1192.24, 4180527, 1540
3451, 1, 1058, 1281, 745, 0, 4.62%, 0, 0, 21, 1106.44, 4186242, 1540
3457, 1, 483, 1281, 745, 0, 4.62%, 0, 0, 21, 1084.91, 4191107, 1540
3462, 1, 873, 1281, 745, 0, 4.62%, 0, 0, 21, 1225.75, 4197780, 1540
3467, 1, 279, 1281, 745, 0, 4.62%, 0, 0, 21, 1092.05, 4203237, 1540
3472, 1, 545, 1281, 745, 0, 4.62%, 0, 0, 21, 1231.33, 4209586, 1540
3477, 1, 279, 1281, 745, 0, 4.62%, 0, 0, 21, 1276.92, 4216075, 1540
3482, 1, 89, 1281, 745, 0, 4.62%, 0, 0, 21, 1281.34, 4222700, 1540
3487, 1, 439, 1281, 745, 0, 4.62%, 0, 0, 21, 1309.94, 4229231, 1540
3492, 1, 373, 1281, 745, 0, 4.62%, 0, 0, 21, 1333.65, 4235971, 1540
3497, 1, 1058, 1281, 745, 0, 4.62%, 0, 0, 21, 1341.45, 4242852, 1540
3502, 1, 815, 1281, 745, 0, 4.62%, 0, 0, 21, 1360.04, 4249680, 1540
3507, 1, 1167, 1281, 745, 0, 4.62%, 0, 0, 21, 1380.27, 4256663, 1540
3513, 1, 460, 1281, 745, 0, 4.62%, 0, 0, 21, 1369.56, 4263761, 1540
3518, 1, 650, 1281, 745, 0, 4.62%, 0, 0, 21, 1338.51, 4270717, 1540
3523, 1, 483, 1281, 745, 0, 4.62%, 0, 0, 21, 1341.61, 4277504, 1540
3528, 1, 815, 1281, 745, 0, 4.62%, 0, 0, 21, 1207.59, 4283722, 1540
3533, 1, 574, 1281, 745, 0, 4.62%, 0, 0, 21, 1153.64, 4289508, 1540
3538, 1, 587, 1281, 745, 0, 4.62%, 0, 0, 21, 1281.58, 4296358, 1540
3543, 1, 483, 1281, 745, 0, 4.62%, 0, 0, 21, 1213.65, 4302451, 1540
3548, 1, 199, 1281, 745, 0, 4.62%, 0, 0, 21, 1336.21, 4309545, 1540
3554, 1, 1176, 1281, 745, 0, 4.62%, 0, 0, 21, 1190.58, 4315822, 1540
3559, 1, 954, 1281, 745, 0, 4.62%, 0, 0, 21, 952.92, 4320582, 1540
3564, 1, 574, 1281, 745, 0, 4.62%, 0, 0, 21, 1022.87, 4325821, 1540
3569, 1, 483, 1281, 745, 0, 4.62%, 0, 0, 21, 1142.72, 4331817, 1540
3574, 1, 816, 1283, 747, 0, 4.62%, 0, 0, 21, 1169.81, 4337814, 1540
3579, 1, 1058, 1283, 747, 0, 4.62%, 0, 0, 21, 1007.01, 4342505, 1540
3584, 1, 1058, 1283, 747, 0, 4.62%, 0, 0, 21, 1027.64, 4348045, 1540
3589, 1, 583, 1283, 747, 0, 4.62%, 0, 0, 21, 1173.99, 4353967, 1540
3594, 1, 839, 1283, 747, 0, 4.62%, 0, 0, 21, 1019.55, 4359102, 1540
3599, 1, 856, 1283, 747, 0, 4.62%, 0, 0, 21, 985.01, 4364335, 1540
3605, 1, 483, 1283, 747, 0, 4.62%, 0, 0, 21, 1092.62, 4369774, 1540
3610, 1, 1058, 1283, 747, 0, 4.62%, 0, 0, 21, 1082.23, 4375400, 1540
3615, 1, 1058, 1283, 747, 0, 4.62%, 0, 0, 21, 1058.41, 4380603, 1540
3620, 1, 714, 1283, 747, 0, 4.62%, 0, 0, 21, 1117.55, 4386346, 1540
3625, 1, 815, 1283, 747, 0, 4.62%, 0, 0, 21, 1291.16, 4393240, 1540
3630, 1, 207, 1283, 747, 0, 4.62%, 0, 0, 21, 1281.35, 4399732, 1540
3635, 1, 274, 1283, 747, 0, 4.62%, 0, 0, 21, 1297.07, 4406277, 1540
3640, 1, 815, 1283, 747, 0, 4.62%, 0, 0, 21, 1347.19, 4413270, 1540
3645, 1, 948, 1283, 747, 0, 4.62%, 0, 0, 21, 1159.34, 4419300, 1540
3650, 1, 545, 1283, 747, 0, 4.62%, 0, 0, 21, 1021.10, 4424439, 1540
3656, 1, 209, 1283, 747, 0, 4.62%, 0, 0, 21, 1194.73, 4430495, 1540
3661, 1, 483, 1283, 747, 0, 4.62%, 0, 0, 21, 276.63, 4435521, 1540
3666, 1, 587, 1283, 747, 0, 4.62%, 0, 0, 21, 579.17, 4438841, 1540
3671, 1, 1058, 1283, 747, 0, 4.62%, 0, 0, 21, 810.46, 4443192, 1540
3676, 1, 1058, 1283, 747, 0, 4.62%, 0, 0, 21, 858.87, 4447634, 1540
3681, 1, 199, 1283, 747, 0, 4.62%, 0, 0, 21, 525.63, 4450073, 1540
3686, 1, 1058, 1283, 747, 0, 4.62%, 0, 0, 21, 594.50, 4453548, 1540
3692, 1, 1058, 1283, 747, 0, 4.62%, 0, 0, 21, 600.79, 4456522, 1540
3697, 1, 24, 1283, 747, 0, 4.62%, 0, 0, 21, 775.80, 4460401, 1540
3702, 1, 498, 1283, 747, 0, 4.62%, 0, 0, 21, 809.84, 4464856, 1540
3707, 1, 209, 1283, 746, 0, 4.62%, 0, 0, 21, 821.54, 4469224, 1540
3712, 1, 774, 1283, 746, 0, 4.62%, 0, 0, 21, 967.44, 4474285, 1540
3717, 1, 815, 1283, 746, 0, 4.62%, 0, 0, 21, 931.20, 4478589, 1540
3722, 1, 196, 1283, 746, 0, 4.62%, 0, 0, 21, 1041.40, 4484381, 1540
3727, 1, 963, 1283, 746, 0, 4.62%, 0, 0, 21, 1161.28, 4490269, 1540
3732, 1, 650, 1283, 746, 0, 4.62%, 0, 0, 21, 1309.22, 4497213, 1540
3737, 1, 1075, 1283, 746, 0, 4.62%, 0, 0, 21, 1261.76, 4503488, 1540
3742, 1, 815, 1283, 746, 0, 4.62%, 0, 0, 21, 1274.72, 4509859, 1540
3748, 1, 199, 1283, 746, 0, 4.62%, 0, 0, 21, 1303.14, 4516640, 1540
3753, 1, 370, 1283, 746, 0, 4.62%, 0, 0, 21, 1317.60, 4523513, 1540
3758, 1, 786, 1283, 746, 0, 4.62%, 0, 0, 21, 1303.80, 4530291, 1540
3763, 1, 483, 1283, 746, 0, 4.62%, 0, 0, 21, 1257.24, 4536503, 1540
3768, 1, 950, 1283, 746, 0, 4.62%, 0, 0, 21, 1299.14, 4543320, 1540
3773, 1, 880, 1283, 746, 0, 4.62%, 0, 0, 21, 1299.66, 4550071, 1540
3778, 1, 48, 1283, 745, 0, 4.62%, 0, 0, 21, 1318.91, 4556725, 1540
3783, 1, 1058, 1283, 745, 0, 4.62%, 0, 0, 21, 1283.01, 4563163, 1540
3788, 1, 1058, 1283, 745, 0, 4.62%, 0, 0, 21, 1302.75, 4569678, 1540
3794, 1, 1058, 1283, 745, 0, 4.62%, 0, 0, 21, 1251.37, 4575912, 1540
3799, 1, 1058, 1283, 745, 0, 4.62%, 0, 0, 21, 1057.26, 4580991, 1540
3804, 1, 279, 1283, 745, 0, 4.62%, 0, 0, 21, 1238.50, 4587530, 1540
3809, 1, 1064, 1284, 746, 0, 4.62%, 0, 0, 21, 1273.96, 4593879, 1541
3814, 1, 536, 1284, 745, 0, 4.62%, 0, 0, 21, 1307.83, 4600677, 1541
3819, 1, 505, 1284, 745, 0, 4.62%, 0, 0, 21, 1259.79, 4606958, 1541
3824, 1, 1238, 1284, 745, 0, 4.62%, 0, 0, 21, 1323.63, 4613893, 1541
3829, 1, 1238, 1284, 745, 0, 4.62%, 0, 0, 21, 1357.72, 4620939, 1541
3834, 1, 650, 1284, 745, 0, 4.62%, 0, 0, 21, 1340.76, 4627610, 1541
3840, 1, 439, 1284, 745, 0, 4.62%, 0, 0, 21, 1351.59, 4634435, 1541
3845, 1, 1058, 1284, 745, 0, 4.62%, 0, 0, 21, 1323.27, 4640982, 1541
3850, 1, 702, 1284, 745, 0, 4.62%, 0, 0, 21, 1342.60, 4647738, 1541
3855, 1, 815, 1284, 745, 0, 4.62%, 0, 0, 21, 1348.84, 4654759, 1541
3860, 1, 1058, 1284, 745, 0, 4.62%, 0, 0, 21, 1319.43, 4661421, 1541
3865, 1, 587, 1284, 745, 0, 4.62%, 0, 0, 21, 1302.34, 4667963, 1541
3870, 1, 1243, 1284, 745, 0, 4.62%, 0, 0, 21, 1292.78, 4674275, 1541
3875, 1, 499, 1285, 745, 0, 4.62%, 0, 0, 21, 1304.56, 4681056, 1541
3880, 1, 883, 1286, 745, 1, 4.62%, 0, 0, 21, 1315.43, 4687913, 1541
3884, 1, 816, 1286, 744, 1, 4.62%, 0, 0, 21, 1292.43, 4693180, 1541
