# relative_time, cycles_done, cur_item, corpus_count, pending_total, pending_favs, map_size, saved_crashes, saved_hangs, max_depth, execs_per_sec, total_execs, edges_found
61, 28, 0, 1, 0, 0, 0.11%, 0, 0, 1, 1642.03, 97930, 41
66, 30, 0, 1, 0, 0, 0.11%, 0, 0, 1, 1579.68, 105906, 41
71, 32, 0, 1, 0, 0, 0.11%, 0, 0, 1, 1459.13, 113396, 41
76, 34, 0, 1, 0, 0, 0.11%, 0, 0, 1, 1550.14, 121482, 41
81, 36, 0, 1, 0, 0, 0.11%, 0, 0, 1, 1438.44, 128940, 41
86, 39, 0, 1, 0, 0, 0.11%, 0, 0, 1, 1530.94, 136817, 41
91, 41, 0, 1, 0, 0, 0.11%, 0, 0, 1, 1614.79, 145314, 41
97, 43, 0, 1, 0, 0, 0.11%, 0, 0, 1, 1615.85, 153731, 41
102, 46, 0, 1, 0, 0, 0.11%, 0, 0, 1, 1551.93, 161531, 41
107, 48, 0, 1, 0, 0, 0.11%, 0, 0, 1, 1618.44, 169989, 41
112, 50, 0, 1, 0, 0, 0.11%, 0, 0, 1, 1556.40, 177457, 41
117, 52, 0, 1, 0, 0, 0.11%, 0, 0, 1, 1604.13, 185840, 41
122, 55, 0, 1, 0, 0, 0.11%, 0, 0, 1, 1577.42, 193566, 41
127, 57, 0, 1, 0, 0, 0.11%, 0, 0, 1, 1614.38, 201746, 41
132, 59, 0, 1, 0, 0, 0.11%, 0, 0, 1, 1616.36, 209843, 41
137, 62, 0, 1, 0, 0, 0.11%, 0, 0, 1, 1590.41, 217972, 41
142, 64, 0, 1, 0, 0, 0.11%, 0, 0, 1, 1465.96, 225195, 41
147, 66, 0, 1, 0, 0, 0.11%, 0, 0, 1, 1512.38, 232832, 41
152, 68, 0, 1, 0, 0, 0.11%, 0, 0, 1, 1564.65, 240752, 41
157, 70, 0, 1, 0, 0, 0.11%, 0, 0, 1, 1608.90, 248874, 41
162, 73, 0, 1, 0, 0, 0.11%, 0, 0, 1, 1642.18, 257419, 41
168, 75, 0, 1, 0, 0, 0.11%, 0, 0, 1, 1632.96, 265891, 41
173, 77, 0, 1, 0, 0, 0.11%, 0, 0, 1, 1602.82, 273933, 41
178, 80, 0, 1, 0, 0, 0.11%, 0, 0, 1, 1613.08, 282030, 41
183, 82, 0, 1, 0, 0, 0.11%, 0, 0, 1, 1642.70, 290351, 41
188, 85, 0, 1, 0, 0, 0.11%, 0, 0, 1, 1648.52, 298887, 41
193, 87, 0, 1, 0, 0, 0.11%, 0, 0, 1, 1659.12, 307546, 41
198, 89, 0, 1, 0, 0, 0.11%, 0, 0, 1, 1668.01, 315936, 41
203, 92, 0, 1, 0, 0, 0.11%, 0, 0, 1, 1597.44, 323898, 41
208, 94, 0, 1, 0, 0, 0.11%, 0, 0, 1, 1444.87, 330732, 41
213, 96, 0, 1, 0, 0, 0.11%, 0, 0, 1, 1502.06, 338737, 41
218, 98, 0, 1, 0, 0, 0.11%, 0, 0, 1, 1458.24, 345988, 41
223, 100, 0, 1, 0, 0, 0.11%, 0, 0, 1, 1476.27, 353415, 41
229, 102, 0, 1, 0, 0, 0.11%, 0, 0, 1, 1605.17, 361930, 41
234, 105, 0, 1, 0, 0, 0.11%, 0, 0, 1, 1465.12, 369575, 41
239, 106, 0, 1, 0, 0, 0.11%, 0, 0, 1, 1167.31, 375494, 41
244, 108, 0, 1, 0, 0, 0.11%, 0, 0, 1, 1483.43, 383168, 41
249, 111, 0, 1, 0, 0, 0.11%, 0, 0, 1, 1515.69, 390588, 41
254, 113, 0, 1, 0, 0, 0.11%, 0, 0, 1, 1600.98, 399051, 41
259, 115, 0, 1, 0, 0, 0.11%, 0, 0, 1, 1464.73, 406291, 41
264, 117, 0, 1, 0, 0, 0.11%, 0, 0, 1, 1608.24, 414806, 41
270, 120, 0, 1, 0, 0, 0.11%, 0, 0, 1, 1559.82, 422785, 41
275, 122, 0, 1, 0, 0, 0.11%, 0, 0, 1, 1594.89, 431103, 41
280, 124, 0, 1, 0, 0, 0.11%, 0, 0, 1, 1575.22, 439080, 41
285, 127, 0, 1, 0, 0, 0.11%, 0, 0, 1, 1580.83, 446995, 41
290, 129, 0, 1, 0, 0, 0.11%, 0, 0, 1, 1554.90, 454938, 41
295, 131, 0, 1, 0, 0, 0.11%, 0, 0, 1, 1470.21, 462662, 41
300, 133, 0, 1, 0, 0, 0.11%, 0, 0, 1, 1276.92, 468853, 41
305, 135, 0, 1, 0, 0, 0.11%, 0, 0, 1, 1458.29, 476501, 41
310, 137, 0, 1, 0, 0, 0.11%, 0, 0, 1, 1556.21, 484377, 41
316, 139, 0, 1, 0, 0, 0.11%, 0, 0, 1, 1580.32, 492575, 41
321, 142, 0, 1, 0, 0, 0.11%, 0, 0, 1, 1644.99, 501212, 41
326, 144, 0, 1, 0, 0, 0.11%, 0, 0, 1, 1650.25, 509812, 41
331, 146, 0, 1, 0, 0, 0.11%, 0, 0, 1, 1367.78, 517021, 41
336, 148, 0, 1, 0, 0, 0.11%, 0, 0, 1, 965.35, 521316, 41
341, 149, 0, 1, 0, 0, 0.11%, 0, 0, 1, 1260.66, 527662, 41
346, 152, 0, 1, 0, 0, 0.11%, 0, 0, 1, 1693.91, 536771, 41
351, 155, 0, 1, 0, 0, 0.11%, 0, 0, 1, 1752.46, 545828, 41
356, 157, 0, 1, 0, 0, 0.11%, 0, 0, 1, 1783.77, 554858, 41
362, 160, 0, 1, 0, 0, 0.11%, 0, 0, 1, 1798.08, 564003, 41
367, 162, 0, 1, 0, 0, 0.11%, 0, 0, 1, 1783.65, 572993, 41
372, 165, 0, 1, 0, 0, 0.11%, 0, 0, 1, 1787.65, 581973, 41
377, 167, 0, 1, 0, 0, 0.11%, 0, 0, 1, 1776.69, 590968, 41
382, 170, 0, 1, 0, 0, 0.11%, 0, 0, 1, 1726.66, 599630, 41
387, 172, 0, 1, 0, 0, 0.11%, 0, 0, 1, 1766.46, 608523, 41
392, 175, 0, 1, 0, 0, 0.11%, 0, 0, 1, 1775.53, 617468, 41
397, 178, 0, 1, 0, 0, 0.11%, 0, 0, 1, 1790.21, 626728, 41
402, 180, 0, 1, 0, 0, 0.11%, 0, 0, 1, 1707.64, 635186, 41
407, 183, 0, 1, 0, 0, 0.11%, 0, 0, 1, 1772.86, 644528, 41
412, 185, 0, 1, 0, 0, 0.11%, 0, 0, 1, 1649.27, 652535, 41
417, 187, 0, 1, 0, 0, 0.11%, 0, 0, 1, 1757.77, 661503, 41
422, 190, 0, 1, 0, 0, 0.11%, 0, 0, 1, 1783.53, 670448, 41
427, 193, 0, 1, 0, 0, 0.11%, 0, 0, 1, 1814.80, 679644, 41
432, 195, 0, 1, 0, 0, 0.11%, 0, 0, 1, 1786.21, 688633, 41
437, 198, 0, 1, 0, 0, 0.11%, 0, 0, 1, 1796.70, 697629, 41
442, 200, 0, 1, 0, 0, 0.11%, 0, 0, 1, 1611.55, 705758, 41
448, 202, 0, 1, 0, 0, 0.11%, 0, 0, 1, 1641.93, 714111, 41
453, 205, 0, 1, 0, 0, 0.11%, 0, 0, 1, 1753.94, 723113, 41
458, 207, 0, 1, 0, 0, 0.11%, 0, 0, 1, 1715.11, 731570, 41
463, 210, 0, 1, 0, 0, 0.11%, 0, 0, 1, 1700.72, 739980, 41
468, 212, 0, 1, 0, 0, 0.11%, 0, 0, 1, 1634.55, 748442, 41
473, 215, 0, 1, 0, 0, 0.11%, 0, 0, 1, 1723.79, 757182, 41
478, 217, 0, 1, 0, 0, 0.11%, 0, 0, 1, 1766.79, 766008, 41
483, 220, 0, 1, 0, 0, 0.11%, 0, 0, 1, 1813.80, 775179, 41
488, 222, 0, 1, 0, 0, 0.11%, 0, 0, 1, 1743.85, 784002, 41
493, 225, 0, 1, 0, 0, 0.11%, 0, 0, 1, 1794.72, 792963, 41
498, 227, 0, 1, 0, 0, 0.11%, 0, 0, 1, 1805.96, 801988, 41
503, 230, 0, 1, 0, 0, 0.11%, 0, 0, 1, 1746.30, 810669, 41
508, 232, 0, 1, 0, 0, 0.11%, 0, 0, 1, 1747.86, 819463, 41
513, 235, 0, 1, 0, 0, 0.11%, 0, 0, 1, 1766.09, 828423, 41
518, 237, 0, 1, 0, 0, 0.11%, 0, 0, 1, 1676.62, 836759, 41
523, 239, 0, 1, 0, 0, 0.11%, 0, 0, 1, 1485.95, 844588, 41
529, 241, 0, 1, 0, 0, 0.11%, 0, 0, 1, 1473.66, 851993, 41
534, 244, 0, 1, 0, 0, 0.11%, 0, 0, 1, 1607.48, 860099, 41
539, 246, 0, 1, 0, 0, 0.11%, 0, 0, 1, 1618.80, 868420, 41
544, 248, 0, 1, 0, 0, 0.11%, 0, 0, 1, 1115.93, 873963, 41
549, 250, 0, 1, 0, 0, 0.11%, 0, 0, 1, 1429.67, 881361, 41
554, 252, 0, 1, 0, 0, 0.11%, 0, 0, 1, 1579.85, 889384, 41
559, 255, 0, 1, 0, 0, 0.11%, 0, 0, 1, 1587.30, 898010, 41
564, 257, 0, 1, 0, 0, 0.11%, 0, 0, 1, 1521.63, 905478, 41
569, 258, 0, 1, 0, 0, 0.11%, 0, 0, 1, 1170.51, 911035, 41
574, 260, 0, 1, 0, 0, 0.11%, 0, 0, 1, 1499.66, 919127, 41
579, 263, 0, 1, 0, 0, 0.11%, 0, 0, 1, 1627.10, 927449, 41
584, 265, 0, 1, 0, 0, 0.11%, 0, 0, 1, 1729.33, 936326, 41
589, 268, 0, 1, 0, 0, 0.11%, 0, 0, 1, 1604.96, 944091, 41
595, 270, 0, 1, 0, 0, 0.11%, 0, 0, 1, 1759.80, 953378, 41
600, 273, 0, 1, 0, 0, 0.11%, 0, 0, 1, 1768.36, 962673, 41
605, 275, 0, 1, 0, 0, 0.11%, 0, 0, 1, 1805.18, 971800, 41
610, 278, 0, 1, 0, 0, 0.11%, 0, 0, 1, 1759.79, 980683, 41
615, 280, 0, 1, 0, 0, 0.11%, 0, 0, 1, 1739.75, 989303, 41
620, 283, 0, 1, 0, 0, 0.11%, 0, 0, 1, 1781.10, 998623, 41
625, 286, 0, 1, 0, 0, 0.11%, 0, 0, 1, 1731.61, 1007389, 41
630, 288, 0, 1, 0, 0, 0.11%, 0, 0, 1, 1704.31, 1015940, 41
635, 290, 0, 1, 0, 0, 0.11%, 0, 0, 1, 1697.54, 1024485, 41
640, 293, 0, 1, 0, 0, 0.11%, 0, 0, 1, 1679.75, 1032951, 41
645, 295, 0, 1, 0, 0, 0.11%, 0, 0, 1, 1741.18, 1041736, 41
650, 298, 0, 1, 0, 0, 0.11%, 0, 0, 1, 1757.19, 1050638, 41
655, 300, 0, 1, 0, 0, 0.11%, 0, 0, 1, 1392.22, 1057251, 41
660, 302, 0, 1, 0, 0, 0.11%, 0, 0, 1, 1689.30, 1066135, 41
665, 305, 0, 1, 0, 0, 0.11%, 0, 0, 1, 1664.21, 1074492, 41
670, 307, 0, 1, 0, 0, 0.11%, 0, 0, 1, 1584.99, 1082332, 41
676, 309, 0, 1, 0, 0, 0.11%, 0, 0, 1, 1726.99, 1091358, 41
681, 312, 0, 1, 0, 0, 0.11%, 0, 0, 1, 1755.51, 1100218, 41
686, 314, 0, 1, 0, 0, 0.11%, 0, 0, 1, 1777.93, 1109143, 41
691, 317, 0, 1, 0, 0, 0.11%, 0, 0, 1, 1740.32, 1117975, 41
696, 319, 0, 1, 0, 0, 0.11%, 0, 0, 1, 1763.36, 1126873, 41
701, 322, 0, 1, 0, 0, 0.11%, 0, 0, 1, 1763.35, 1135748, 41
706, 325, 0, 1, 0, 0, 0.11%, 0, 0, 1, 1808.79, 1144836, 41
711, 327, 0, 1, 0, 0, 0.11%, 0, 0, 1, 1815.15, 1153925, 41
716, 330, 0, 1, 0, 0, 0.11%, 0, 0, 1, 1814.53, 1163145, 41
721, 332, 0, 1, 0, 0, 0.11%, 0, 0, 1, 1818.53, 1172257, 41
726, 335, 0, 1, 0, 0, 0.11%, 0, 0, 1, 1810.46, 1181369, 41
731, 338, 0, 1, 0, 0, 0.11%, 0, 0, 1, 1809.33, 1190733, 41
736, 340, 0, 1, 0, 0, 0.11%, 0, 0, 1, 1802.17, 1199858, 41
741, 343, 0, 1, 0, 0, 0.11%, 0, 0, 1, 1782.79, 1208808, 41
746, 345, 0, 1, 0, 0, 0.11%, 0, 0, 1, 1802.46, 1217902, 41
751, 348, 0, 1, 0, 0, 0.11%, 0, 0, 1, 1819.73, 1227086, 41
756, 350, 0, 1, 0, 0, 0.11%, 0, 0, 1, 1804.22, 1236139, 41
761, 353, 0, 1, 0, 0, 0.11%, 0, 0, 1, 1765.03, 1245058, 41
767, 356, 0, 1, 0, 0, 0.11%, 0, 0, 1, 1811.44, 1254255, 41
772, 358, 0, 1, 0, 0, 0.11%, 0, 0, 1, 1802.75, 1263348, 41
777, 361, 0, 1, 0, 0, 0.11%, 0, 0, 1, 1801.24, 1272433, 41
782, 363, 0, 1, 0, 0, 0.11%, 0, 0, 1, 1804.01, 1281532, 41
787, 366, 0, 1, 0, 0, 0.11%, 0, 0, 1, 1794.59, 1290708, 41
792, 368, 0, 1, 0, 0, 0.11%, 0, 0, 1, 1701.71, 1299197, 41
797, 371, 0, 1, 0, 0, 0.11%, 0, 0, 1, 1764.36, 1308368, 41
802, 373, 0, 1, 0, 0, 0.11%, 0, 0, 1, 1733.37, 1317026, 41
807, 376, 0, 1, 0, 0, 0.11%, 0, 0, 1, 1688.77, 1325557, 41
812, 378, 0, 1, 0, 0, 0.11%, 0, 0, 1, 1529.03, 1333503, 41
817, 380, 0, 1, 0, 0, 0.11%, 0, 0, 1, 1324.89, 1339721, 41
822, 382, 0, 1, 0, 0, 0.11%, 0, 0, 1, 1428.39, 1346661, 41
827, 384, 0, 1, 0, 0, 0.11%, 0, 0, 1, 1720.11, 1355801, 41
832, 387, 0, 1, 0, 0, 0.11%, 0, 0, 1, 1778.07, 1364768, 41
837, 390, 0, 1, 0, 0, 0.11%, 0, 0, 1, 1785.17, 1373888, 41
842, 392, 0, 1, 0, 0, 0.11%, 0, 0, 1, 1780.20, 1382883, 41
847, 395, 0, 1, 0, 0, 0.11%, 0, 0, 1, 1802.29, 1391982, 41
853, 397, 0, 1, 0, 0, 0.11%, 0, 0, 1, 1807.07, 1401238, 41
858, 400, 0, 1, 0, 0, 0.11%, 0, 0, 1, 1803.16, 1410458, 41
863, 402, 0, 1, 0, 0, 0.11%, 0, 0, 1, 1736.92, 1419455, 41
868, 405, 0, 1, 0, 0, 0.11%, 0, 0, 1, 1767.96, 1428358, 41
873, 408, 0, 1, 0, 0, 0.11%, 0, 0, 1, 1811.85, 1437519, 41
878, 410, 0, 1, 0, 0, 0.11%, 0, 0, 1, 1817.97, 1446702, 41
883, 413, 0, 1, 0, 0, 0.11%, 0, 0, 1, 1796.80, 1455663, 41
888, 415, 0, 1, 0, 0, 0.11%, 0, 0, 1, 1797.08, 1464993, 41
893, 418, 0, 1, 0, 0, 0.11%, 0, 0, 1, 1800.82, 1474113, 41
898, 420, 0, 1, 0, 0, 0.11%, 0, 0, 1, 1702.16, 1482667, 41
903, 423, 0, 1, 0, 0, 0.11%, 0, 0, 1, 1691.50, 1491201, 41
908, 425, 0, 1, 0, 0, 0.11%, 0, 0, 1, 1664.61, 1499558, 41
913, 428, 0, 1, 0, 0, 0.11%, 0, 0, 1, 1660.99, 1507968, 41
918, 430, 0, 1, 0, 0, 0.11%, 0, 0, 1, 1748.70, 1516810, 41
923, 433, 0, 1, 0, 0, 0.11%, 0, 0, 1, 1766.92, 1525708, 41
928, 435, 0, 1, 0, 0, 0.11%, 0, 0, 1, 1701.33, 1534163, 41
934, 438, 0, 1, 0, 0, 0.11%, 0, 0, 1, 1766.46, 1543368, 41
939, 440, 0, 1, 0, 0, 0.11%, 0, 0, 1, 1795.51, 1552452, 41
944, 443, 0, 1, 0, 0, 0.11%, 0, 0, 1, 1718.62, 1561120, 41
949, 445, 0, 1, 0, 0, 0.11%, 0, 0, 1, 1726.35, 1569753, 41
954, 448, 0, 1, 0, 0, 0.11%, 0, 0, 1, 1687.97, 1578336, 41
959, 450, 0, 1, 0, 0, 0.11%, 0, 0, 1, 1756.74, 1587158, 41
964, 452, 0, 1, 0, 0, 0.11%, 0, 0, 1, 1659.36, 1595677, 41
969, 455, 0, 1, 0, 0, 0.11%, 0, 0, 1, 1704.38, 1604561, 41
974, 458, 0, 1, 0, 0, 0.11%, 0, 0, 1, 1763.68, 1613623, 41
979, 460, 0, 1, 0, 0, 0.11%, 0, 0, 1, 1770.97, 1622688, 41
984, 463, 0, 1, 0, 0, 0.11%, 0, 0, 1, 1749.22, 1631518, 41
990, 465, 0, 1, 0, 0, 0.11%, 0, 0, 1, 1721.62, 1640389, 41
995, 467, 0, 1, 0, 0, 0.11%, 0, 0, 1, 1340.19, 1647155, 41
1000, 469, 0, 1, 0, 0, 0.11%, 0, 0, 1, 1351.51, 1653472, 41
1005, 471, 0, 1, 0, 0, 0.11%, 0, 0, 1, 1594.85, 1662255, 41
1010, 473, 0, 1, 0, 0, 0.11%, 0, 0, 1, 1599.74, 1669801, 41
1015, 476, 0, 1, 0, 0, 0.11%, 0, 0, 1, 1699.36, 1678508, 41
1020, 478, 0, 1, 0, 0, 0.11%, 0, 0, 1, 1770.33, 1687418, 41
1025, 481, 0, 1, 0, 0, 0.11%, 0, 0, 1, 1718.39, 1696449, 41
1030, 483, 0, 1, 0, 0, 0.11%, 0, 0, 1, 1726.96, 1705184, 41
1036, 486, 0, 1, 0, 0, 0.11%, 0, 0, 1, 1769.34, 1714408, 41
1041, 489, 0, 1, 0, 0, 0.11%, 0, 0, 1, 1773.29, 1723353, 41
1046, 491, 0, 1, 0, 0, 0.11%, 0, 0, 1, 1752.42, 1732173, 41
1051, 493, 0, 1, 0, 0, 0.11%, 0, 0, 1, 1697.52, 1740452, 41
1056, 496, 0, 1, 0, 0, 0.11%, 0, 0, 1, 1718.89, 1748950, 41
1061, 498, 0, 1, 0, 0, 0.11%, 0, 0, 1, 1720.11, 1757583, 41
1066, 501, 0, 1, 0, 0, 0.11%, 0, 0, 1, 1749.79, 1766302, 41
1071, 503, 0, 1, 0, 0, 0.11%, 0, 0, 1, 1733.64, 1775310, 41
1076, 506, 0, 1, 0, 0, 0.11%, 0, 0, 1, 1780.53, 1784313, 41
1081, 508, 0, 1, 0, 0, 0.11%, 0, 0, 1, 1708.10, 1792867, 41
1086, 511, 0, 1, 0, 0, 0.11%, 0, 0, 1, 1724.72, 1801534, 41
1091, 513, 0, 1, 0, 0, 0.11%, 0, 0, 1, 1754.80, 1810618, 41
1096, 516, 0, 1, 0, 0, 0.11%, 0, 0, 1, 1755.10, 1819598, 41
1101, 518, 0, 1, 0, 0, 0.11%, 0, 0, 1, 1726.68, 1828287, 41
1106, 521, 0, 1, 0, 0, 0.11%, 0, 0, 1, 1706.14, 1836802, 41
1111, 523, 0, 1, 0, 0, 0.11%, 0, 0, 1, 1724.30, 1845436, 41
1117, 526, 0, 1, 0, 0, 0.11%, 0, 0, 1, 1717.62, 1854341, 41
1122, 528, 0, 1, 0, 0, 0.11%, 0, 0, 1, 1649.11, 1862534, 41
1127, 530, 0, 1, 0, 0, 0.11%, 0, 0, 1, 1351.98, 1869500, 41
1132, 532, 0, 1, 0, 0, 0.11%, 0, 0, 1, 1121.89, 1874601, 41
1137, 534, 0, 1, 0, 0, 0.11%, 0, 0, 1, 1405.62, 1882155, 41
1142, 535, 0, 1, 0, 0, 0.11%, 0, 0, 1, 1208.59, 1888363, 41
1147, 538, 0, 1, 0, 0, 0.11%, 0, 0, 1, 1434.71, 1895777, 41
1152, 540, 0, 1, 0, 0, 0.11%, 0, 0, 1, 1523.85, 1903083, 41
1157, 542, 0, 1, 0, 0, 0.11%, 0, 0, 1, 1760.94, 1912458, 41
1162, 545, 0, 1, 0, 0, 0.11%, 0, 0, 1, 1749.74, 1921350, 41
1167, 547, 0, 1, 0, 0, 0.11%, 0, 0, 1, 1750.87, 1930608, 41
1172, 550, 0, 1, 0, 0, 0.11%, 0, 0, 1, 1766.27, 1939378, 41
1177, 553, 0, 1, 0, 0, 0.11%, 0, 0, 1, 1807.09, 1948824, 41
1183, 555, 0, 1, 0, 0, 0.11%, 0, 0, 1, 1793.53, 1957808, 41
1188, 558, 0, 1, 0, 0, 0.11%, 0, 0, 1, 1808.91, 1966953, 41
1193, 560, 0, 1, 0, 0, 0.11%, 0, 0, 1, 1823.10, 1976173, 41
1198, 563, 0, 1, 0, 0, 0.11%, 0, 0, 1, 1810.03, 1985285, 41
1203, 566, 0, 1, 0, 0, 0.11%, 0, 0, 1, 1802.72, 1994323, 41
1208, 568, 0, 1, 0, 0, 0.11%, 0, 0, 1, 1809.56, 2003522, 41
1213, 571, 0, 1, 0, 0, 0.11%, 0, 0, 1, 1816.11, 2012706, 41
1218, 573, 0, 1, 0, 0, 0.11%, 0, 0, 1, 1798.12, 2021838, 41
1223, 576, 0, 1, 0, 0, 0.11%, 0, 0, 1, 1803.47, 2031110, 41
1228, 579, 0, 1, 0, 0, 0.11%, 0, 0, 1, 1765.79, 2040323, 41
1233, 581, 0, 1, 0, 0, 0.11%, 0, 0, 1, 1758.65, 2049178, 41
1238, 583, 0, 1, 0, 0, 0.11%, 0, 0, 1, 1616.73, 2057488, 41
1244, 585, 0, 1, 0, 0, 0.11%, 0, 0, 1, 1307.21, 2063553, 41
1249, 587, 0, 1, 0, 0, 0.11%, 0, 0, 1, 1511.75, 2071121, 41
1254, 590, 0, 1, 0, 0, 0.11%, 0, 0, 1, 1710.54, 2080232, 41
1259, 592, 0, 1, 0, 0, 0.11%, 0, 0, 1, 1736.65, 2088967, 41
1264, 595, 0, 1, 0, 0, 0.11%, 0, 0, 1, 1532.65, 2096943, 41
1269, 597, 0, 1, 0, 0, 0.11%, 0, 0, 1, 1266.00, 2103728, 41
1274, 598, 0, 1, 0, 0, 0.11%, 0, 0, 1, 1423.02, 2110467, 41
1279, 601, 0, 1, 0, 0, 0.11%, 0, 0, 1, 1592.33, 2118927, 41
1284, 603, 0, 1, 0, 0, 0.11%, 0, 0, 1, 1640.09, 2127444, 41
1289, 606, 0, 1, 0, 0, 0.11%, 0, 0, 1, 1631.61, 2135925, 41
1294, 608, 0, 1, 0, 0, 0.11%, 0, 0, 1, 1624.93, 2144086, 41
1300, 610, 0, 1, 0, 0, 0.11%, 0, 0, 1, 1631.86, 2152567, 41
1305, 613, 0, 1, 0, 0, 0.11%, 0, 0, 1, 1647.41, 2161102, 41
1310, 615, 0, 1, 0, 0, 0.11%, 0, 0, 1, 1653.75, 2169658, 41
1315, 618, 0, 1, 0, 0, 0.11%, 0, 0, 1, 1653.12, 2177916, 41
1320, 619, 0, 1, 0, 0, 0.11%, 0, 0, 1, 1320.39, 2184589, 41
1325, 621, 0, 1, 0, 0, 0.11%, 0, 0, 1, 1369.31, 2191531, 41
1330, 623, 0, 1, 0, 0, 0.11%, 0, 0, 1, 1343.39, 2197918, 41
1335, 625, 0, 1, 0, 0, 0.11%, 0, 0, 1, 1318.18, 2204417, 41
1340, 627, 0, 1, 0, 0, 0.11%, 0, 0, 1, 1134.99, 2209872, 41
1345, 629, 0, 1, 0, 0, 0.11%, 0, 0, 1, 1312.93, 2216588, 41
1350, 631, 0, 1, 0, 0, 0.11%, 0, 0, 1, 1454.25, 2224219, 41
1355, 633, 0, 1, 0, 0, 0.11%, 0, 0, 1, 1360.75, 2230725, 41
1361, 635, 0, 1, 0, 0, 0.11%, 0, 0, 1, 1563.62, 2239087, 41
1366, 637, 0, 1, 0, 0, 0.11%, 0, 0, 1, 1588.17, 2247343, 41
1371, 640, 0, 1, 0, 0, 0.11%, 0, 0, 1, 1630.05, 2255583, 41
1376, 642, 0, 1, 0, 0, 0.11%, 0, 0, 1, 1614.17, 2263648, 41
1381, 644, 0, 1, 0, 0, 0.11%, 0, 0, 1, 1609.02, 2271777, 41
1386, 647, 0, 1, 0, 0, 0.11%, 0, 0, 1, 1630.90, 2280162, 41
1391, 649, 0, 1, 0, 0, 0.11%, 0, 0, 1, 1498.21, 2287788, 41
1396, 651, 0, 1, 0, 0, 0.11%, 0, 0, 1, 1490.11, 2295198, 41
1401, 653, 0, 1, 0, 0, 0.11%, 0, 0, 1, 1593.98, 2303650, 41
1406, 656, 0, 1, 0, 0, 0.11%, 0, 0, 1, 1631.83, 2312079, 41
1412, 658, 0, 1, 0, 0, 0.11%, 0, 0, 1, 1591.24, 2320317, 41
1417, 660, 0, 1, 0, 0, 0.11%, 0, 0, 1, 1621.13, 2328689, 41
1422, 663, 0, 1, 0, 0, 0.11%, 0, 0, 1, 1623.05, 2337074, 41
1427, 665, 0, 1, 0, 0, 0.11%, 0, 0, 1, 1637.70, 2345555, 41
1432, 667, 0, 1, 0, 0, 0.11%, 0, 0, 1, 1631.17, 2353684, 41
1437, 670, 0, 1, 0, 0, 0.11%, 0, 0, 1, 1613.67, 2361717, 41
1442, 672, 0, 1, 0, 0, 0.11%, 0, 0, 1, 1631.64, 2369846, 41
1447, 674, 0, 1, 0, 0, 0.11%, 0, 0, 1, 1620.52, 2377975, 41
1452, 677, 0, 1, 0, 0, 0.11%, 0, 0, 1, 1626.69, 2386488, 41
1458, 679, 0, 1, 0, 0, 0.11%, 0, 0, 1, 1602.43, 2394807, 41
1463, 681, 0, 1, 0, 0, 0.11%, 0, 0, 1, 1474.71, 2402152, 41
1468, 684, 0, 1, 0, 0, 0.11%, 0, 0, 1, 1595.82, 2410575, 41
1473, 686, 0, 1, 0, 0, 0.11%, 0, 0, 1, 1644.27, 2419132, 41
1478, 688, 0, 1, 0, 0, 0.11%, 0, 0, 1, 1643.09, 2427357, 41
1483, 691, 0, 1, 0, 0, 0.11%, 0, 0, 1, 1588.24, 2435560, 41
1488, 693, 0, 1, 0, 0, 0.11%, 0, 0, 1, 1384.99, 2442252, 41
1493, 695, 0, 1, 0, 0, 0.11%, 0, 0, 1, 1466.75, 2449935, 41
1499, 697, 0, 1, 0, 0, 0.11%, 0, 0, 1, 1527.15, 2457833, 41
1504, 699, 0, 1, 0, 0, 0.11%, 0, 0, 1, 1554.11, 2465676, 41
1509, 702, 0, 1, 0, 0, 0.11%, 0, 0, 1, 1598.82, 2474056, 41
1514, 704, 0, 1, 0, 0, 0.11%, 0, 0, 1, 1611.53, 2482390, 41
1519, 706, 0, 1, 0, 0, 0.11%, 0, 0, 1, 1635.82, 2490583, 41
1524, 709, 0, 1, 0, 0, 0.11%, 0, 0, 1, 1628.11, 2498712, 41
1529, 711, 0, 1, 0, 0, 0.11%, 0, 0, 1, 1645.12, 2507289, 41
1534, 713, 0, 1, 0, 0, 0.11%, 0, 0, 1, 1625.81, 2515770, 41
1540, 716, 0, 1, 0, 0, 0.11%, 0, 0, 1, 1624.49, 2524274, 41
1545, 718, 0, 1, 0, 0, 0.11%, 0, 0, 1, 1536.44, 2532038, 41
1550, 720, 0, 1, 0, 0, 0.11%, 0, 0, 1, 1499.16, 2539513, 41
1555, 722, 0, 1, 0, 0, 0.11%, 0, 0, 1, 1571.41, 2547588, 41
1560, 725, 0, 1, 0, 0, 0.11%, 0, 0, 1, 1586.12, 2555813, 41
1565, 727, 0, 1, 0, 0, 0.11%, 0, 0, 1, 1611.45, 2564160, 41
1570, 729, 0, 1, 0, 0, 0.11%, 0, 0, 1, 1531.01, 2571448, 41
1575, 731, 0, 1, 0, 0, 0.11%, 0, 0, 1, 1445.08, 2578732, 41
1580, 734, 0, 1, 0, 0, 0.11%, 0, 0, 1, 1546.84, 2586856, 41
1585, 736, 0, 1, 0, 0, 0.11%, 0, 0, 1, 1614.72, 2595030, 41
1591, 738, 0, 1, 0, 0, 0.11%, 0, 0, 1, 1648.59, 2603607, 41
1596, 741, 0, 1, 0, 0, 0.11%, 0, 0, 1, 1642.07, 2612120, 41
1601, 743, 0, 1, 0, 0, 0.11%, 0, 0, 1, 1654.77, 2620660, 41
1606, 746, 0, 1, 0, 0, 0.11%, 0, 0, 1, 1653.24, 2628984, 41
1611, 748, 0, 1, 0, 0, 0.11%, 0, 0, 1, 1643.03, 2637234, 41
1616, 750, 0, 1, 0, 0, 0.11%, 0, 0, 1, 1651.04, 2645830, 41
1621, 753, 0, 1, 0, 0, 0.11%, 0, 0, 1, 1608.66, 2654196, 41
1626, 755, 0, 1, 0, 0, 0.11%, 0, 0, 1, 1643.86, 2662517, 41
1632, 757, 0, 1, 0, 0, 0.11%, 0, 0, 1, 1630.24, 2670966, 41
1637, 760, 0, 1, 0, 0, 0.11%, 0, 0, 1, 1638.40, 2679223, 41
1642, 762, 0, 1, 0, 0, 0.11%, 0, 0, 1, 1625.12, 2687352, 41
1647, 764, 0, 1, 0, 0, 0.11%, 0, 0, 1, 1643.51, 2695675, 41
1652, 767, 0, 1, 0, 0, 0.11%, 0, 0, 1, 1652.34, 2703952, 41
1657, 769, 0, 1, 0, 0, 0.11%, 0, 0, 1, 1638.01, 2712177, 41
1662, 772, 0, 1, 0, 0, 0.11%, 0, 0, 1, 1647.48, 2720723, 41
1667, 774, 0, 1, 0, 0, 0.11%, 0, 0, 1, 1650.45, 2729300, 41
1672, 776, 0, 1, 0, 0, 0.11%, 0, 0, 1, 1666.17, 2737678, 41
1677, 779, 0, 1, 0, 0, 0.11%, 0, 0, 1, 1653.87, 2745969, 41
1682, 781, 0, 1, 0, 0, 0.11%, 0, 0, 1, 1478.25, 2753709, 41
1687, 783, 0, 1, 0, 0, 0.11%, 0, 0, 1, 1435.56, 2760521, 41
1693, 785, 0, 1, 0, 0, 0.11%, 0, 0, 1, 1562.70, 2768795, 41
1698, 788, 0, 1, 0, 0, 0.11%, 0, 0, 1, 1586.99, 2777020, 41
1703, 790, 0, 1, 0, 0, 0.11%, 0, 0, 1, 1598.18, 2785338, 41
1708, 792, 0, 1, 0, 0, 0.11%, 0, 0, 1, 1494.00, 2792948, 41
1713, 794, 0, 1, 0, 0, 0.11%, 0, 0, 1, 1491.77, 2800593, 41
1718, 796, 0, 1, 0, 0, 0.11%, 0, 0, 1, 1559.41, 2808527, 41
1723, 799, 0, 1, 0, 0, 0.11%, 0, 0, 1, 1618.18, 2816666, 41
1728, 801, 0, 1, 0, 0, 0.11%, 0, 0, 1, 1614.96, 2824667, 41
1733, 803, 0, 1, 0, 0, 0.11%, 0, 0, 1, 1632.58, 2832892, 41
1738, 806, 0, 1, 0, 0, 0.11%, 0, 0, 1, 1613.61, 2841053, 41
1743, 808, 0, 1, 0, 0, 0.11%, 0, 0, 1, 1624.68, 2849246, 41
1749, 810, 0, 1, 0, 0, 0.11%, 0, 0, 1, 1635.53, 2857759, 41
1754, 813, 0, 1, 0, 0, 0.11%, 0, 0, 1, 1594.72, 2865827, 41
1759, 815, 0, 1, 0, 0, 0.11%, 0, 0, 1, 1598.57, 2874021, 41
1764, 817, 0, 1, 0, 0, 0.11%, 0, 0, 1, 1598.68, 2882029, 41
1769, 820, 0, 1, 0, 0, 0.11%, 0, 0, 1, 1633.82, 2890275, 41
1774, 822, 0, 1, 0, 0, 0.11%, 0, 0, 1, 1608.23, 2898244, 41
1779, 824, 0, 1, 0, 0, 0.11%, 0, 0, 1, 1610.40, 2906341, 41
1784, 827, 0, 1, 0, 0, 0.11%, 0, 0, 1, 1590.68, 2914557, 41
1789, 829, 0, 1, 0, 0, 0.11%, 0, 0, 1, 1623.87, 2922983, 41
1794, 831, 0, 1, 0, 0, 0.11%, 0, 0, 1, 1634.09, 2931240, 41
1799, 834, 0, 1, 0, 0, 0.11%, 0, 0, 1, 1606.65, 2939305, 41
1804, 836, 0, 1, 0, 0, 0.11%, 0, 0, 1, 1602.61, 2947306, 41
1809, 838, 0, 1, 0, 0, 0.11%, 0, 0, 1, 1630.81, 2955531, 41
1814, 841, 0, 1, 0, 0, 0.11%, 0, 0, 1, 1628.00, 2963756, 41
1819, 843, 0, 1, 0, 0, 0.11%, 0, 0, 1, 1630.41, 2971981, 41
1825, 845, 0, 1, 0, 0, 0.11%, 0, 0, 1, 1618.48, 2980430, 41
1830, 848, 0, 1, 0, 0, 0.11%, 0, 0, 1, 1620.37, 2988623, 41
1835, 850, 0, 1, 0, 0, 0.11%, 0, 0, 1, 1610.16, 2996720, 41
1840, 852, 0, 1, 0, 0, 0.11%, 0, 0, 1, 1632.23, 3004945, 41
1845, 855, 0, 1, 0, 0, 0.11%, 0, 0, 1, 1620.78, 3013362, 41
1850, 857, 0, 1, 0, 0, 0.11%, 0, 0, 1, 1620.53, 3021427, 41
1855, 859, 0, 1, 0, 0, 0.11%, 0, 0, 1, 1634.38, 3029588, 41
1860, 861, 0, 1, 0, 0, 0.11%, 0, 0, 1, 1598.17, 3037598, 41
1865, 864, 0, 1, 0, 0, 0.11%, 0, 0, 1, 1635.93, 3046038, 41
1870, 866, 0, 1, 0, 0, 0.11%, 0, 0, 1, 1651.14, 3054615, 41
1875, 869, 0, 1, 0, 0, 0.11%, 0, 0, 1, 1637.90, 3062808, 41
1880, 871, 0, 1, 0, 0, 0.11%, 0, 0, 1, 1609.58, 3070841, 41
1885, 873, 0, 1, 0, 0, 0.11%, 0, 0, 1, 1595.51, 3078842, 41
1891, 876, 0, 1, 0, 0, 0.11%, 0, 0, 1, 1613.33, 3087259, 41
1896, 878, 0, 1, 0, 0, 0.11%, 0, 0, 1, 1616.17, 3095612, 41
1901, 880, 0, 1, 0, 0, 0.11%, 0, 0, 1, 1633.64, 3103869, 41
1906, 883, 0, 1, 0, 0, 0.11%, 0, 0, 1, 1610.52, 3111998, 41
1911, 885, 0, 1, 0, 0, 0.11%, 0, 0, 1, 1619.26, 3120383, 41
1916, 887, 0, 1, 0, 0, 0.11%, 0, 0, 1, 1642.03, 3128640, 41
1921, 890, 0, 1, 0, 0, 0.11%, 0, 0, 1, 1575.03, 3136601, 41
1926, 892, 0, 1, 0, 0, 0.11%, 0, 0, 1, 1478.70, 3143664, 41
1931, 894, 0, 1, 0, 0, 0.11%, 0, 0, 1, 1537.78, 3151593, 41
1937, 896, 0, 1, 0, 0, 0.11%, 0, 0, 1, 1612.97, 3160013, 41
1942, 899, 0, 1, 0, 0, 0.11%, 0, 0, 1, 1622.37, 3168430, 41
1947, 901, 0, 1, 0, 0, 0.11%, 0, 0, 1, 1632.76, 3176687, 41
1952, 903, 0, 1, 0, 0, 0.11%, 0, 0, 1, 1640.34, 3184912, 41
1957, 906, 0, 1, 0, 0, 0.11%, 0, 0, 1, 1647.80, 3193169, 41
1962, 908, 0, 1, 0, 0, 0.11%, 0, 0, 1, 1587.08, 3201040, 41
1967, 910, 0, 1, 0, 0, 0.11%, 0, 0, 1, 1539.72, 3208988, 41
1972, 912, 0, 1, 0, 0, 0.11%, 0, 0, 1, 1484.00, 3216456, 41
1977, 915, 0, 1, 0, 0, 0.11%, 0, 0, 1, 1558.82, 3224633, 41
1982, 916, 0, 1, 0, 0, 0.11%, 0, 0, 1, 1193.64, 3230905, 41
1988, 918, 0, 1, 0, 0, 0.11%, 0, 0, 1, 912.87, 3235107, 41
1993, 919, 0, 1, 0, 0, 0.11%, 0, 0, 1, 1204.36, 3241158, 41
1998, 922, 0, 1, 0, 0, 0.11%, 0, 0, 1, 1658.54, 3250241, 41
2003, 924, 0, 1, 0, 0, 0.11%, 0, 0, 1, 1709.84, 3258995, 41
2008, 927, 0, 1, 0, 0, 0.11%, 0, 0, 1, 1791.40, 3268128, 41
2013, 929, 0, 1, 0, 0, 0.11%, 0, 0, 1, 1797.70, 3277088, 41
2018, 932, 0, 1, 0, 0, 0.11%, 0, 0, 1, 1817.55, 3286262, 41
2023, 935, 0, 1, 0, 0, 0.11%, 0, 0, 1, 1788.53, 3295293, 41
2028, 937, 0, 1, 0, 0, 0.11%, 0, 0, 1, 1815.02, 3304702, 41
2033, 940, 0, 1, 0, 0, 0.11%, 0, 0, 1, 1823.25, 3313850, 41
2038, 942, 0, 1, 0, 0, 0.11%, 0, 0, 1, 1822.76, 3323083, 41
2043, 945, 0, 1, 0, 0, 0.11%, 0, 0, 1, 1813.03, 3332231, 41
2048, 948, 0, 1, 0, 0, 0.11%, 0, 0, 1, 1806.96, 3341343, 41
2053, 950, 0, 1, 0, 0, 0.11%, 0, 0, 1, 1771.12, 3350273, 41
2058, 953, 0, 1, 0, 0, 0.11%, 0, 0, 1, 1591.83, 3358527, 41
2064, 955, 0, 1, 0, 0, 0.11%, 0, 0, 1, 1317.32, 3365586, 41
2069, 956, 0, 1, 0, 0, 0.11%, 0, 0, 1, 1309.71, 3371847, 41
2074, 958, 0, 1, 0, 0, 0.11%, 0, 0, 1, 1277.32, 3378294, 41
2079, 960, 0, 1, 0, 0, 0.11%, 0, 0, 1, 1162.98, 3384230, 41
2084, 961, 0, 1, 0, 0, 0.11%, 0, 0, 1, 1200.57, 3389760, 41
2089, 964, 0, 1, 0, 0, 0.11%, 0, 0, 1, 1509.45, 3397609, 41
2094, 966, 0, 1, 0, 0, 0.11%, 0, 0, 1, 1625.73, 3405876, 41
2099, 968, 0, 1, 0, 0, 0.11%, 0, 0, 1, 1649.44, 3414229, 41
2104, 971, 0, 1, 0, 0, 0.11%, 0, 0, 1, 1666.80, 3422670, 41
2109, 973, 0, 1, 0, 0, 0.11%, 0, 0, 1, 1434.59, 3430102, 41
2115, 975, 0, 1, 0, 0, 0.11%, 0, 0, 1, 1542.81, 3437993, 41
2120, 977, 0, 1, 0, 0, 0.11%, 0, 0, 1, 1595.48, 3446308, 41
2125, 980, 0, 1, 0, 0, 0.11%, 0, 0, 1, 1547.87, 3454353, 41
2130, 982, 0, 1, 0, 0, 0.11%, 0, 0, 1, 1567.66, 3462386, 41
2135, 984, 0, 1, 0, 0, 0.11%, 0, 0, 1, 1597.98, 3470487, 41
2140, 987, 0, 1, 0, 0, 0.11%, 0, 0, 1, 1640.80, 3478726, 41
2145, 989, 0, 1, 0, 0, 0.11%, 0, 0, 1, 1649.29, 3487295, 41
2150, 991, 0, 1, 0, 0, 0.11%, 0, 0, 1, 1619.55, 3495336, 41
2156, 994, 0, 1, 0, 0, 0.11%, 0, 0, 1, 1647.75, 3503881, 41
2161, 996, 0, 1, 0, 0, 0.11%, 0, 0, 1, 1647.44, 3512417, 41
2166, 999, 0, 1, 0, 0, 0.11%, 0, 0, 1, 1653.66, 3520710, 41
2171, 1001, 0, 1, 0, 0, 0.11%, 0, 0, 1, 1638.68, 3529187, 41
2176, 1003, 0, 1, 0, 0, 0.11%, 0, 0, 1, 1658.52, 3537787, 41
2181, 1006, 0, 1, 0, 0, 0.11%, 0, 0, 1, 1659.04, 3546144, 41
2186, 1008, 0, 1, 0, 0, 0.11%, 0, 0, 1, 1641.30, 3554686, 41
2191, 1011, 0, 1, 0, 0, 0.11%, 0, 0, 1, 1630.87, 3563102, 41
2196, 1013, 0, 1, 0, 0, 0.11%, 0, 0, 1, 1643.29, 3571327, 41
2202, 1015, 0, 1, 0, 0, 0.11%, 0, 0, 1, 1654.79, 3579955, 41
2207, 1018, 0, 1, 0, 0, 0.11%, 0, 0, 1, 1661.88, 3588345, 41
2212, 1020, 0, 1, 0, 0, 0.11%, 0, 0, 1, 1654.64, 3596610, 41
2217, 1022, 0, 1, 0, 0, 0.11%, 0, 0, 1, 1650.57, 3604931, 41
2222, 1025, 0, 1, 0, 0, 0.11%, 0, 0, 1, 1658.77, 3613317, 41
2227, 1027, 0, 1, 0, 0, 0.11%, 0, 0, 1, 1665.77, 3621727, 41
2232, 1030, 0, 1, 0, 0, 0.11%, 0, 0, 1, 1642.06, 3629981, 41
2237, 1032, 0, 1, 0, 0, 0.11%, 0, 0, 1, 1629.92, 3638238, 41
2242, 1034, 0, 1, 0, 0, 0.11%, 0, 0, 1, 1611.20, 3646248, 41
2247, 1036, 0, 1, 0, 0, 0.11%, 0, 0, 1, 1541.46, 3654313, 41
2252, 1039, 0, 1, 0, 0, 0.11%, 0, 0, 1, 1594.33, 3662229, 41
2257, 1041, 0, 1, 0, 0, 0.11%, 0, 0, 1, 1484.78, 3669614, 41
2262, 1043, 0, 1, 0, 0, 0.11%, 0, 0, 1, 1557.88, 3677783, 41
2267, 1045, 0, 1, 0, 0, 0.11%, 0, 0, 1, 1583.25, 3685977, 41
2273, 1048, 0, 1, 0, 0, 0.11%, 0, 0, 1, 1621.02, 3694391, 41
2278, 1050, 0, 1, 0, 0, 0.11%, 0, 0, 1, 1645.25, 3702927, 41
2283, 1053, 0, 1, 0, 0, 0.11%, 0, 0, 1, 1583.86, 3711207, 41
2288, 1055, 0, 1, 0, 0, 0.11%, 0, 0, 1, 1616.93, 3719313, 41
2293, 1057, 0, 1, 0, 0, 0.11%, 0, 0, 1, 1628.05, 3727474, 41
2298, 1060, 0, 1, 0, 0, 0.11%, 0, 0, 1, 1627.93, 3735955, 41
2303, 1062, 0, 1, 0, 0, 0.11%, 0, 0, 1, 1632.75, 3744276, 41
2309, 1064, 0, 1, 0, 0, 0.11%, 0, 0, 1, 1649.12, 3752853, 41
2314, 1067, 0, 1, 0, 0, 0.11%, 0, 0, 1, 1619.63, 3760950, 41
2319, 1069, 0, 1, 0, 0, 0.11%, 0, 0, 1, 1644.82, 3769495, 41
2324, 1072, 0, 1, 0, 0, 0.11%, 0, 0, 1, 1667.75, 3778134, 41
2329, 1074, 0, 1, 0, 0, 0.11%, 0, 0, 1, 1645.88, 3786416, 41
2334, 1076, 0, 1, 0, 0, 0.11%, 0, 0, 1, 1641.63, 3794897, 41
2339, 1079, 0, 1, 0, 0, 0.11%, 0, 0, 1, 1647.96, 3803154, 41
2344, 1081, 0, 1, 0, 0, 0.11%, 0, 0, 1, 1652.28, 3811727, 41
2349, 1083, 0, 1, 0, 0, 0.11%, 0, 0, 1, 1636.82, 3819988, 41
2355, 1086, 0, 1, 0, 0, 0.11%, 0, 0, 1, 1649.89, 3828556, 41
2360, 1088, 0, 1, 0, 0, 0.11%, 0, 0, 1, 1655.71, 3837214, 41
2365, 1091, 0, 1, 0, 0, 0.11%, 0, 0, 1, 1606.67, 3845422, 41
2370, 1093, 0, 1, 0, 0, 0.11%, 0, 0, 1, 1636.97, 3853647, 41
2375, 1095, 0, 1, 0, 0, 0.11%, 0, 0, 1, 1659.40, 3862285, 41
2380, 1098, 0, 1, 0, 0, 0.11%, 0, 0, 1, 1667.88, 3870642, 41
2385, 1100, 0, 1, 0, 0, 0.11%, 0, 0, 1, 1669.93, 3879019, 41
2390, 1103, 0, 1, 0, 0, 0.11%, 0, 0, 1, 1647.18, 3887210, 41
2395, 1105, 0, 1, 0, 0, 0.11%, 0, 0, 1, 1669.60, 3895634, 41
2400, 1107, 0, 1, 0, 0, 0.11%, 0, 0, 1, 1658.37, 3903892, 41
2405, 1110, 0, 1, 0, 0, 0.11%, 0, 0, 1, 1649.59, 3912414, 41
2410, 1112, 0, 1, 0, 0, 0.11%, 0, 0, 1, 1660.76, 3920804, 41
2415, 1114, 0, 1, 0, 0, 0.11%, 0, 0, 1, 1666.80, 3929260, 41
2421, 1117, 0, 1, 0, 0, 0.11%, 0, 0, 1, 1645.68, 3937456, 41
2426, 1119, 0, 1, 0, 0, 0.11%, 0, 0, 1, 1653.26, 3945743, 41
2431, 1121, 0, 1, 0, 0, 0.11%, 0, 0, 1, 1640.01, 3954034, 41
2436, 1124, 0, 1, 0, 0, 0.11%, 0, 0, 1, 1642.77, 3962602, 41
2441, 1126, 0, 1, 0, 0, 0.11%, 0, 0, 1, 1660.72, 3970966, 41
2446, 1129, 0, 1, 0, 0, 0.11%, 0, 0, 1, 1652.21, 3979323, 41
2451, 1131, 0, 1, 0, 0, 0.11%, 0, 0, 1, 1651.26, 3987853, 41
2456, 1133, 0, 1, 0, 0, 0.11%, 0, 0, 1, 1667.00, 3996235, 41
2461, 1136, 0, 1, 0, 0, 0.11%, 0, 0, 1, 1672.47, 4004658, 41
2466, 1138, 0, 1, 0, 0, 0.11%, 0, 0, 1, 1660.32, 4013035, 41
2471, 1141, 0, 1, 0, 0, 0.11%, 0, 0, 1, 1665.94, 4021491, 41
2476, 1143, 0, 1, 0, 0, 0.11%, 0, 0, 1, 1650.22, 4029769, 41
2481, 1145, 0, 1, 0, 0, 0.11%, 0, 0, 1, 1642.04, 4038218, 41
2486, 1148, 0, 1, 0, 0, 0.11%, 0, 0, 1, 1660.94, 4046529, 41
2492, 1150, 0, 1, 0, 0, 0.11%, 0, 0, 1, 1642.17, 4054988, 41
2497, 1153, 0, 1, 0, 0, 0.11%, 0, 0, 1, 1659.28, 4063626, 41
2502, 1155, 0, 1, 0, 0, 0.11%, 0, 0, 1, 1653.26, 4071917, 41
2507, 1157, 0, 1, 0, 0, 0.11%, 0, 0, 1, 1671.33, 4080373, 41
2512, 1160, 0, 1, 0, 0, 0.11%, 0, 0, 1, 1665.37, 4088763, 41
2517, 1162, 0, 1, 0, 0, 0.11%, 0, 0, 1, 1677.38, 4097219, 41
2522, 1165, 0, 1, 0, 0, 0.11%, 0, 0, 1, 1656.63, 4105794, 41
2527, 1167, 0, 1, 0, 0, 0.11%, 0, 0, 1, 1658.48, 4114151, 41
2532, 1169, 0, 1, 0, 0, 0.11%, 0, 0, 1, 1668.69, 4122574, 41
2537, 1172, 0, 1, 0, 0, 0.11%, 0, 0, 1, 1659.98, 4130964, 41
2542, 1174, 0, 1, 0, 0, 0.11%, 0, 0, 1, 1656.31, 4139288, 41
2547, 1176, 0, 1, 0, 0, 0.11%, 0, 0, 1, 1627.47, 4147493, 41
2552, 1179, 0, 1, 0, 0, 0.11%, 0, 0, 1, 1642.21, 4156070, 41
2558, 1181, 0, 1, 0, 0, 0.11%, 0, 0, 1, 1557.70, 4163830, 41
2563, 1183, 0, 1, 0, 0, 0.11%, 0, 0, 1, 1638.76, 4172360, 41
2568, 1186, 0, 1, 0, 0, 0.11%, 0, 0, 1, 1659.71, 4180743, 41
2573, 1188, 0, 1, 0, 0, 0.11%, 0, 0, 1, 1638.62, 4189217, 41
2578, 1191, 0, 1, 0, 0, 0.11%, 0, 0, 1, 1663.89, 4197642, 41
2583, 1193, 0, 1, 0, 0, 0.11%, 0, 0, 1, 1663.00, 4206065, 41
2588, 1195, 0, 1, 0, 0, 0.11%, 0, 0, 1, 1662.37, 4214686, 41
2593, 1198, 0, 1, 0, 0, 0.11%, 0, 0, 1, 1658.77, 4223043, 41
2598, 1200, 0, 1, 0, 0, 0.11%, 0, 0, 1, 1662.33, 4231367, 41
2603, 1202, 0, 1, 0, 0, 0.11%, 0, 0, 1, 1658.35, 4239677, 41
2608, 1205, 0, 1, 0, 0, 0.11%, 0, 0, 1, 1652.33, 4248002, 41
2613, 1207, 0, 1, 0, 0, 0.11%, 0, 0, 1, 1640.91, 4256256, 41
2618, 1209, 0, 1, 0, 0, 0.11%, 0, 0, 1, 1103.36, 4261533, 41
2623, 1210, 0, 1, 0, 0, 0.11%, 0, 0, 1, 1050.01, 4266429, 41
2629, 1212, 0, 1, 0, 0, 0.11%, 0, 0, 1, 1530.36, 4274324, 41
2634, 1215, 0, 1, 0, 0, 0.11%, 0, 0, 1, 1760.69, 4283749, 41
2639, 1218, 0, 1, 0, 0, 0.11%, 0, 0, 1, 1807.28, 4292878, 41
2644, 1220, 0, 1, 0, 0, 0.11%, 0, 0, 1, 1810.73, 4302026, 41
2649, 1223, 0, 1, 0, 0, 0.11%, 0, 0, 1, 1809.79, 4311187, 41
2654, 1225, 0, 1, 0, 0, 0.11%, 0, 0, 1, 1803.29, 4320244, 41
2659, 1228, 0, 1, 0, 0, 0.11%, 0, 0, 1, 1814.63, 4329375, 41
2664, 1230, 0, 1, 0, 0, 0.11%, 0, 0, 1, 1779.11, 4338324, 41
2669, 1233, 0, 1, 0, 0, 0.11%, 0, 0, 1, 1798.15, 4347304, 41
2674, 1236, 0, 1, 0, 0, 0.11%, 0, 0, 1, 1791.15, 4356328, 41
2679, 1238, 0, 1, 0, 0, 0.11%, 0, 0, 1, 1432.40, 4363402, 41
2684, 1239, 0, 1, 0, 0, 0.11%, 0, 0, 1, 1410.35, 4369825, 41
2689, 1242, 0, 1, 0, 0, 0.11%, 0, 0, 1, 1595.68, 4378328, 41
2695, 1244, 0, 1, 0, 0, 0.11%, 0, 0, 1, 1650.00, 4386906, 41
2700, 1247, 0, 1, 0, 0, 0.11%, 0, 0, 1, 1667.89, 4395604, 41
2705, 1249, 0, 1, 0, 0, 0.11%, 0, 0, 1, 1651.24, 4404212, 41
2710, 1252, 0, 1, 0, 0, 0.11%, 0, 0, 1, 1642.27, 4412500, 41
2715, 1254, 0, 1, 0, 0, 0.11%, 0, 0, 1, 1652.51, 4420827, 41
2720, 1256, 0, 1, 0, 0, 0.11%, 0, 0, 1, 1645.07, 4429398, 41
2725, 1259, 0, 1, 0, 0, 0.11%, 0, 0, 1, 1666.73, 4437772, 41
2730, 1261, 0, 1, 0, 0, 0.11%, 0, 0, 1, 1650.60, 4446008, 41
2735, 1263, 0, 1, 0, 0, 0.11%, 0, 0, 1, 1643.41, 4454552, 41
2740, 1266, 0, 1, 0, 0, 0.11%, 0, 0, 1, 1628.07, 4462746, 41
2745, 1268, 0, 1, 0, 0, 0.11%, 0, 0, 1, 1655.28, 4471101, 41
2751, 1270, 0, 1, 0, 0, 0.11%, 0, 0, 1, 1635.31, 4479324, 41
2756, 1273, 0, 1, 0, 0, 0.11%, 0, 0, 1, 1664.26, 4487736, 41
2761, 1275, 0, 1, 0, 0, 0.11%, 0, 0, 1, 1666.19, 4496159, 41
2766, 1278, 0, 1, 0, 0, 0.11%, 0, 0, 1, 1667.84, 4504549, 41
2771, 1280, 0, 1, 0, 0, 0.11%, 0, 0, 1, 1676.52, 4513005, 41
2776, 1282, 0, 1, 0, 0, 0.11%, 0, 0, 1, 1658.77, 4521263, 41
2781, 1285, 0, 1, 0, 0, 0.11%, 0, 0, 1, 1656.65, 4529851, 41
2786, 1287, 0, 1, 0, 0, 0.11%, 0, 0, 1, 1663.98, 4538294, 41
2791, 1290, 0, 1, 0, 0, 0.11%, 0, 0, 1, 1660.06, 4546651, 41
2796, 1292, 0, 1, 0, 0, 0.11%, 0, 0, 1, 1649.51, 4554899, 41
2801, 1294, 0, 1, 0, 0, 0.11%, 0, 0, 1, 1657.76, 4563200, 41
2806, 1297, 0, 1, 0, 0, 0.11%, 0, 0, 1, 1647.94, 4571701, 41
2811, 1299, 0, 1, 0, 0, 0.11%, 0, 0, 1, 1635.66, 4579926, 41
2816, 1301, 0, 1, 0, 0, 0.11%, 0, 0, 1, 1629.82, 4588343, 41
2822, 1304, 0, 1, 0, 0, 0.11%, 0, 0, 1, 1630.25, 4596824, 41
2827, 1306, 0, 1, 0, 0, 0.11%, 0, 0, 1, 1656.69, 4605170, 41
2832, 1309, 0, 1, 0, 0, 0.11%, 0, 0, 1, 1647.76, 4613457, 41
2837, 1311, 0, 1, 0, 0, 0.11%, 0, 0, 1, 1667.68, 4621851, 41
2842, 1313, 0, 1, 0, 0, 0.11%, 0, 0, 1, 1649.62, 4630387, 41
2847, 1316, 0, 1, 0, 0, 0.11%, 0, 0, 1, 1539.60, 4638129, 41
2852, 1317, 0, 1, 0, 0, 0.11%, 0, 0, 1, 1405.32, 4644663, 41
2857, 1320, 0, 1, 0, 0, 0.11%, 0, 0, 1, 1541.00, 4652765, 41
2862, 1322, 0, 1, 0, 0, 0.11%, 0, 0, 1, 1570.24, 4660950, 41
2867, 1324, 0, 1, 0, 0, 0.11%, 0, 0, 1, 1593.06, 4668927, 41
2872, 1327, 0, 1, 0, 0, 0.11%, 0, 0, 1, 1598.74, 4676873, 41
2877, 1329, 0, 1, 0, 0, 0.11%, 0, 0, 1, 1610.39, 4684982, 41
2882, 1331, 0, 1, 0, 0, 0.11%, 0, 0, 1, 1605.10, 4693015, 41
2887, 1333, 0, 1, 0, 0, 0.11%, 0, 0, 1, 1640.55, 4701272, 41
2892, 1336, 0, 1, 0, 0, 0.11%, 0, 0, 1, 1646.28, 4709808, 41
2898, 1338, 0, 1, 0, 0, 0.11%, 0, 0, 1, 1647.82, 4718385, 41
2903, 1341, 0, 1, 0, 0, 0.11%, 0, 0, 1, 1645.04, 4726642, 41
2908, 1343, 0, 1, 0, 0, 0.11%, 0, 0, 1, 1635.36, 4734867, 41
2913, 1345, 0, 1, 0, 0, 0.11%, 0, 0, 1, 1636.46, 4743412, 41
2918, 1348, 0, 1, 0, 0, 0.11%, 0, 0, 1, 1646.45, 4752013, 41
2923, 1350, 0, 1, 0, 0, 0.11%, 0, 0, 1, 1656.46, 4760568, 41
2928, 1353, 0, 1, 0, 0, 0.11%, 0, 0, 1, 1648.15, 4769134, 41
2933, 1355, 0, 1, 0, 0, 0.11%, 0, 0, 1, 1641.06, 4777315, 41
2939, 1357, 0, 1, 0, 0, 0.11%, 0, 0, 1, 1651.67, 4785936, 41
2944, 1360, 0, 1, 0, 0, 0.11%, 0, 0, 1, 1646.96, 4794225, 41
2949, 1362, 0, 1, 0, 0, 0.11%, 0, 0, 1, 1657.57, 4802538, 41
2954, 1365, 0, 1, 0, 0, 0.11%, 0, 0, 1, 1650.33, 4810794, 41
2959, 1367, 0, 1, 0, 0, 0.11%, 0, 0, 1, 1641.54, 4819051, 41
2964, 1369, 0, 1, 0, 0, 0.11%, 0, 0, 1, 1638.19, 4827340, 41
2969, 1371, 0, 1, 0, 0, 0.11%, 0, 0, 1, 1555.96, 4835160, 41
2974, 1374, 0, 1, 0, 0, 0.11%, 0, 0, 1, 1528.05, 4843199, 41
2979, 1376, 0, 1, 0, 0, 0.11%, 0, 0, 1, 1605.49, 4851544, 41
2984, 1378, 0, 1, 0, 0, 0.11%, 0, 0, 1, 1649.03, 4860057, 41
2989, 1381, 0, 1, 0, 0, 0.11%, 0, 0, 1, 1643.59, 4868282, 41
2994, 1383, 0, 1, 0, 0, 0.11%, 0, 0, 1, 1633.37, 4876754, 41
3000, 1386, 0, 1, 0, 0, 0.11%, 0, 0, 1, 1637.02, 4885011, 41
3005, 1388, 0, 1, 0, 0, 0.11%, 0, 0, 1, 1655.26, 4893640, 41
3010, 1390, 0, 1, 0, 0, 0.11%, 0, 0, 1, 1650.26, 4901973, 41
3015, 1393, 0, 1, 0, 0, 0.11%, 0, 0, 1, 1642.73, 4910550, 41
3020, 1395, 0, 1, 0, 0, 0.11%, 0, 0, 1, 1657.56, 4919193, 41
3025, 1398, 0, 1, 0, 0, 0.11%, 0, 0, 1, 1656.76, 4927451, 41
3030, 1400, 0, 1, 0, 0, 0.11%, 0, 0, 1, 1635.13, 4935952, 41
3036, 1402, 0, 1, 0, 0, 0.11%, 0, 0, 1, 1647.26, 4944462, 41
3041, 1405, 0, 1, 0, 0, 0.11%, 0, 0, 1, 1637.58, 4952969, 41
3046, 1407, 0, 1, 0, 0, 0.11%, 0, 0, 1, 1648.35, 4961290, 41
3051, 1410, 0, 1, 0, 0, 0.11%, 0, 0, 1, 1627.73, 4969611, 41
3056, 1412, 0, 1, 0, 0, 0.11%, 0, 0, 1, 1655.12, 4977910, 41
3061, 1414, 0, 1, 0, 0, 0.11%, 0, 0, 1, 1649.06, 4986445, 41
3066, 1417, 0, 1, 0, 0, 0.11%, 0, 0, 1, 1623.07, 4994894, 41
3072, 1419, 0, 1, 0, 0, 0.11%, 0, 0, 1, 1643.22, 5003462, 41
3077, 1422, 0, 1, 0, 0, 0.11%, 0, 0, 1, 1653.22, 5012084, 41
3082, 1424, 0, 1, 0, 0, 0.11%, 0, 0, 1, 1628.18, 5020264, 41
3087, 1426, 0, 1, 0, 0, 0.11%, 0, 0, 1, 1636.63, 5028521, 41
3092, 1429, 0, 1, 0, 0, 0.11%, 0, 0, 1, 1628.72, 5036682, 41
3097, 1431, 0, 1, 0, 0, 0.11%, 0, 0, 1, 1645.26, 5045259, 41
3102, 1433, 0, 1, 0, 0, 0.11%, 0, 0, 1, 1648.17, 5053804, 41
3107, 1436, 0, 1, 0, 0, 0.11%, 0, 0, 1, 1646.92, 5062312, 41
3113, 1438, 0, 1, 0, 0, 0.11%, 0, 0, 1, 1635.32, 5070789, 41
3118, 1441, 0, 1, 0, 0, 0.11%, 0, 0, 1, 1650.92, 5079389, 41
3123, 1443, 0, 1, 0, 0, 0.11%, 0, 0, 1, 1638.23, 5087655, 41
3128, 1445, 0, 1, 0, 0, 0.11%, 0, 0, 1, 1626.61, 5096072, 41
3133, 1448, 0, 1, 0, 0, 0.11%, 0, 0, 1, 1651.57, 5104329, 41
3138, 1450, 0, 1, 0, 0, 0.11%, 0, 0, 1, 1651.47, 5112586, 41
3143, 1452, 0, 1, 0, 0, 0.11%, 0, 0, 1, 1645.34, 5120907, 41
3148, 1455, 0, 1, 0, 0, 0.11%, 0, 0, 1, 1648.34, 5129132, 41
3153, 1457, 0, 1, 0, 0, 0.11%, 0, 0, 1, 1640.17, 5137357, 41
3158, 1460, 0, 1, 0, 0, 0.11%, 0, 0, 1, 1643.49, 5145638, 41
3163, 1462, 0, 1, 0, 0, 0.11%, 0, 0, 1, 1654.44, 5153929, 41
3168, 1464, 0, 1, 0, 0, 0.11%, 0, 0, 1, 1656.40, 5162286, 41
3173, 1467, 0, 1, 0, 0, 0.11%, 0, 0, 1, 1636.41, 5170472, 41
3178, 1469, 0, 1, 0, 0, 0.11%, 0, 0, 1, 1664.41, 5178835, 41
3183, 1471, 0, 1, 0, 0, 0.11%, 0, 0, 1, 1654.43, 5187192, 41
3188, 1474, 0, 1, 0, 0, 0.11%, 0, 0, 1, 1646.91, 5195467, 41
3194, 1476, 0, 1, 0, 0, 0.11%, 0, 0, 1, 1643.58, 5204044, 41
3199, 1478, 0, 1, 0, 0, 0.11%, 0, 0, 1, 1629.47, 5212269, 41
3204, 1481, 0, 1, 0, 0, 0.11%, 0, 0, 1, 1643.19, 5220494, 41
3209, 1483, 0, 1, 0, 0, 0.11%, 0, 0, 1, 1646.42, 5229029, 41
3214, 1486, 0, 1, 0, 0, 0.11%, 0, 0, 1, 1653.90, 5237354, 41
3219, 1488, 0, 1, 0, 0, 0.11%, 0, 0, 1, 1600.58, 5245266, 41
3224, 1490, 0, 1, 0, 0, 0.11%, 0, 0, 1, 1644.39, 5253554, 41
3229, 1492, 0, 1, 0, 0, 0.11%, 0, 0, 1, 1647.18, 5261811, 41
3234, 1495, 0, 1, 0, 0, 0.11%, 0, 0, 1, 1623.82, 5269940, 41
3239, 1497, 0, 1, 0, 0, 0.11%, 0, 0, 1, 1649.73, 5278229, 41
3244, 1499, 0, 1, 0, 0, 0.11%, 0, 0, 1, 1617.15, 5286358, 41
3249, 1502, 0, 1, 0, 0, 0.11%, 0, 0, 1, 1645.57, 5294615, 41
3254, 1504, 0, 1, 0, 0, 0.11%, 0, 0, 1, 1650.05, 5303187, 41
3259, 1507, 0, 1, 0, 0, 0.11%, 0, 0, 1, 1653.17, 5311676, 41
3265, 1509, 0, 1, 0, 0, 0.11%, 0, 0, 1, 1645.06, 5320209, 41
3270, 1511, 0, 1, 0, 0, 0.11%, 0, 0, 1, 1627.83, 5328370, 41
3275, 1514, 0, 1, 0, 0, 0.11%, 0, 0, 1, 1617.41, 5336563, 41
3280, 1515, 0, 1, 0, 0, 0.11%, 0, 0, 1, 1019.89, 5341015, 41
3285, 1517, 0, 1, 0, 0, 0.11%, 0, 0, 1, 1142.71, 5346760, 41
3290, 1519, 0, 1, 0, 0, 0.11%, 0, 0, 1, 1634.58, 5355587, 41
3295, 1522, 0, 1, 0, 0, 0.11%, 0, 0, 1, 1763.11, 5364575, 41
3300, 1524, 0, 1, 0, 0, 0.11%, 0, 0, 1, 1796.04, 5373975, 41
3306, 1527, 0, 1, 0, 0, 0.11%, 0, 0, 1, 1790.92, 5383270, 41
3311, 1529, 0, 1, 0, 0, 0.11%, 0, 0, 1, 1806.57, 5392332, 41
3316, 1532, 0, 1, 0, 0, 0.11%, 0, 0, 1, 1799.53, 5401372, 41
3321, 1535, 0, 1, 0, 0, 0.11%, 0, 0, 1, 1803.14, 5410412, 41
3326, 1537, 0, 1, 0, 0, 0.11%, 0, 0, 1, 1789.44, 5419360, 41
3331, 1540, 0, 1, 0, 0, 0.11%, 0, 0, 1, 1803.76, 5428469, 41
3336, 1542, 0, 1, 0, 0, 0.11%, 0, 0, 1, 1799.40, 5437845, 41
3341, 1545, 0, 1, 0, 0, 0.11%, 0, 0, 1, 1796.30, 5446860, 41
3346, 1548, 0, 1, 0, 0, 0.11%, 0, 0, 1, 1801.91, 5456201, 41
3351, 1550, 0, 1, 0, 0, 0.11%, 0, 0, 1, 1792.16, 5465150, 41
3356, 1553, 0, 1, 0, 0, 0.11%, 0, 0, 1, 1802.12, 5474200, 41
3361, 1555, 0, 1, 0, 0, 0.11%, 0, 0, 1, 1808.44, 5483334, 41
3366, 1558, 0, 1, 0, 0, 0.11%, 0, 0, 1, 1812.06, 5492554, 41
3371, 1560, 0, 1, 0, 0, 0.11%, 0, 0, 1, 1810.89, 5501629, 41
3376, 1563, 0, 1, 0, 0, 0.11%, 0, 0, 1, 1808.77, 5510755, 41
3381, 1566, 0, 1, 0, 0, 0.11%, 0, 0, 1, 1801.18, 5519759, 41
3386, 1568, 0, 1, 0, 0, 0.11%, 0, 0, 1, 1798.93, 5528830, 41
3391, 1571, 0, 1, 0, 0, 0.11%, 0, 0, 1, 1812.49, 5537924, 41
3396, 1573, 0, 1, 0, 0, 0.11%, 0, 0, 1, 1801.75, 5546964, 41
3402, 1576, 0, 1, 0, 0, 0.11%, 0, 0, 1, 1805.25, 5556112, 41
3407, 1579, 0, 1, 0, 0, 0.11%, 0, 0, 1, 1799.36, 5565152, 41
3412, 1581, 0, 1, 0, 0, 0.11%, 0, 0, 1, 1786.74, 5574097, 41
3417, 1584, 0, 1, 0, 0, 0.11%, 0, 0, 1, 1787.96, 5583020, 41
3422, 1586, 0, 1, 0, 0, 0.11%, 0, 0, 1, 1806.72, 5592177, 41
3427, 1589, 0, 1, 0, 0, 0.11%, 0, 0, 1, 1809.56, 5601338, 41
3432, 1591, 0, 1, 0, 0, 0.11%, 0, 0, 1, 1799.69, 5610395, 41
3437, 1594, 0, 1, 0, 0, 0.11%, 0, 0, 1, 1802.87, 5619445, 41
3442, 1596, 0, 1, 0, 0, 0.11%, 0, 0, 1, 1797.05, 5628475, 41
3447, 1599, 0, 1, 0, 0, 0.11%, 0, 0, 1, 1797.60, 5637511, 41
3452, 1602, 0, 1, 0, 0, 0.11%, 0, 0, 1, 1806.46, 5646551, 41
3457, 1604, 0, 1, 0, 0, 0.11%, 0, 0, 1, 1601.42, 5654566, 41
3462, 1606, 0, 1, 0, 0, 0.11%, 0, 0, 1, 1135.97, 5660393, 41
3467, 1608, 0, 1, 0, 0, 0.11%, 0, 0, 1, 1530.07, 5668660, 41
3472, 1610, 0, 1, 0, 0, 0.11%, 0, 0, 1, 1605.15, 5676993, 41
3477, 1613, 0, 1, 0, 0, 0.11%, 0, 0, 1, 1626.57, 5685186, 41
3482, 1615, 0, 1, 0, 0, 0.11%, 0, 0, 1, 1644.70, 5693475, 41
3488, 1617, 0, 1, 0, 0, 0.11%, 0, 0, 1, 1633.53, 5701956, 41
3493, 1620, 0, 1, 0, 0, 0.11%, 0, 0, 1, 1626.21, 5710405, 41
3498, 1622, 0, 1, 0, 0, 0.11%, 0, 0, 1, 1644.85, 5718918, 41
3503, 1625, 0, 1, 0, 0, 0.11%, 0, 0, 1, 1650.40, 5727454, 41
3508, 1627, 0, 1, 0, 0, 0.11%, 0, 0, 1, 1648.17, 5735999, 41
3513, 1629, 0, 1, 0, 0, 0.11%, 0, 0, 1, 1658.51, 5744373, 41
3519, 1632, 0, 1, 0, 0, 0.11%, 0, 0, 1, 1635.55, 5752833, 41
3524, 1634, 0, 1, 0, 0, 0.11%, 0, 0, 1, 1646.37, 5761058, 41
3529, 1637, 0, 1, 0, 0, 0.11%, 0, 0, 1, 1652.84, 5769629, 41
3534, 1639, 0, 1, 0, 0, 0.11%, 0, 0, 1, 1638.71, 5778139, 41
3539, 1641, 0, 1, 0, 0, 0.11%, 0, 0, 1, 1652.52, 5786460, 41
3544, 1644, 0, 1, 0, 0, 0.11%, 0, 0, 1, 1637.94, 5794941, 41
3549, 1646, 0, 1, 0, 0, 0.11%, 0, 0, 1, 1640.99, 5803486, 41
3554, 1649, 0, 1, 0, 0, 0.11%, 0, 0, 1, 1640.09, 5812022, 41
3559, 1651, 0, 1, 0, 0, 0.11%, 0, 0, 1, 1648.67, 5820286, 41
3564, 1653, 0, 1, 0, 0, 0.11%, 0, 0, 1, 1642.18, 5828504, 41
3570, 1656, 0, 1, 0, 0, 0.11%, 0, 0, 1, 1628.98, 5836953, 41
3575, 1658, 0, 1, 0, 0, 0.11%, 0, 0, 1, 1651.20, 5845274, 41
3580, 1660, 0, 1, 0, 0, 0.11%, 0, 0, 1, 1615.31, 5853659, 41
3585, 1663, 0, 1, 0, 0, 0.11%, 0, 0, 1, 1635.88, 5861852, 41
3590, 1665, 0, 1, 0, 0, 0.11%, 0, 0, 1, 1650.33, 5870237, 41
3595, 1667, 0, 1, 0, 0, 0.11%, 0, 0, 1, 1643.03, 5878462, 41
3600, 1670, 0, 1, 0, 0, 0.11%, 0, 0, 1, 1651.34, 5886751, 41
3605, 1672, 0, 1, 0, 0, 0.11%, 0, 0, 1, 1647.55, 5895321, 41
3610, 1675, 0, 1, 0, 0, 0.11%, 0, 0, 1, 1636.54, 5903800, 41
3615, 1677, 0, 1, 0, 0, 0.11%, 0, 0, 1, 1649.30, 5912101, 41
3620, 1679, 0, 1, 0, 0, 0.11%, 0, 0, 1, 1642.34, 5920378, 41
3626, 1682, 0, 1, 0, 0, 0.11%, 0, 0, 1, 1633.77, 5928891, 41
3631, 1684, 0, 1, 0, 0, 0.11%, 0, 0, 1, 1640.44, 5937404, 41
3636, 1686, 0, 1, 0, 0, 0.11%, 0, 0, 1, 1649.67, 5945693, 41
3641, 1689, 0, 1, 0, 0, 0.11%, 0, 0, 1, 1641.50, 5954165, 41
3646, 1691, 0, 1, 0, 0, 0.11%, 0, 0, 1, 1649.47, 5962742, 41
3651, 1694, 0, 1, 0, 0, 0.11%, 0, 0, 1, 1650.20, 5971016, 41
3656, 1696, 0, 1, 0, 0, 0.11%, 0, 0, 1, 1638.16, 5979512, 41
3662, 1698, 0, 1, 0, 0, 0.11%, 0, 0, 1, 1649.43, 5988079, 41
3667, 1701, 0, 1, 0, 0, 0.11%, 0, 0, 1, 1643.41, 5996304, 41
3672, 1703, 0, 1, 0, 0, 0.11%, 0, 0, 1, 1652.97, 6004596, 41
3677, 1706, 0, 1, 0, 0, 0.11%, 0, 0, 1, 1659.94, 6012953, 41
3682, 1708, 0, 1, 0, 0, 0.11%, 0, 0, 1, 1628.32, 6021012, 41
3687, 1710, 0, 1, 0, 0, 0.11%, 0, 0, 1, 1632.63, 6029182, 41
3692, 1713, 0, 1, 0, 0, 0.11%, 0, 0, 1, 1618.96, 6037622, 41
3697, 1715, 0, 1, 0, 0, 0.11%, 0, 0, 1, 1509.54, 6045320, 41
3702, 1717, 0, 1, 0, 0, 0.11%, 0, 0, 1, 1522.68, 6052885, 41
3707, 1719, 0, 1, 0, 0, 0.11%, 0, 0, 1, 1565.26, 6060902, 41
3712, 1721, 0, 1, 0, 0, 0.11%, 0, 0, 1, 1510.23, 6068910, 41
3715, 1722, 0, 1, 0, 0, 0.11%, 0, 0, 1, 1459.12, 6071921, 41
