# unix_time, cycles_done, cur_path, paths_total, pending_total, pending_favs, map_size, unique_crashes, unique_hangs, max_depth, execs_per_sec
1669771277, 0, 0, 20, 20, 15, 2.38%, 0, 0, 1, 357.94
1669771282, 0, 0, 22, 22, 15, 2.38%, 0, 0, 2, 681.35
1669771287, 0, 0, 23, 23, 15, 2.39%, 0, 0, 2, 773.73
1669771292, 0, 0, 32, 32, 15, 2.41%, 0, 0, 2, 1012.93
1669771297, 0, 0, 36, 36, 15, 2.43%, 0, 0, 2, 1074.37
1669771302, 0, 0, 37, 37, 15, 2.44%, 0, 0, 2, 833.67
1669771307, 0, 0, 38, 38, 15, 2.44%, 0, 0, 2, 1228.69
1669771312, 0, 1, 67, 66, 27, 2.62%, 0, 0, 2, 1513.13
1669771348, 0, 1, 90, 89, 27, 2.68%, 0, 0, 2, 1388.47
1669771353, 0, 1, 98, 97, 27, 2.71%, 0, 0, 2, 1502.81
1669771358, 0, 1, 104, 103, 27, 2.72%, 0, 0, 2, 1538.74
1669771419, 0, 1, 148, 147, 27, 3.02%, 0, 0, 2, 1548.68
1669771424, 0, 1, 189, 188, 27, 3.08%, 0, 0, 2, 1521.01
1669771429, 0, 1, 258, 257, 27, 3.29%, 0, 0, 2, 1535.61
1669771459, 0, 1, 262, 261, 27, 3.30%, 0, 0, 2, 1730.34
1669771465, 0, 1, 266, 265, 27, 3.31%, 0, 0, 2, 1592.37
1669771556, 0, 1, 275, 274, 27, 3.36%, 0, 0, 2, 754.10
1669771561, 0, 1, 277, 276, 27, 3.36%, 0, 0, 2, 887.92
1669771566, 0, 1, 298, 297, 27, 3.39%, 0, 0, 2, 790.09
1669771612, 0, 1, 299, 298, 27, 3.39%, 0, 0, 2, 1541.80
1669771617, 0, 1, 300, 299, 27, 3.39%, 0, 0, 2, 1513.41
1669771667, 0, 1, 303, 302, 27, 3.40%, 0, 0, 2, 1443.14
1669771672, 0, 1, 311, 310, 27, 3.40%, 0, 0, 2, 1319.31
1669771687, 0, 1, 340, 339, 27, 3.43%, 0, 0, 2, 1588.81
1669771692, 0, 1, 341, 340, 27, 3.43%, 0, 0, 2, 1416.37
1669771703, 0, 1, 343, 342, 27, 3.43%, 0, 0, 2, 1563.60
1669771708, 0, 1, 344, 343, 27, 3.49%, 0, 0, 2, 1561.85
1669771713, 0, 1, 345, 344, 27, 3.49%, 0, 0, 2, 1330.32
1669771718, 0, 1, 348, 347, 27, 3.52%, 0, 0, 2, 887.67
1669771723, 0, 1, 350, 349, 27, 3.54%, 0, 0, 2, 818.99
1669771728, 0, 1, 352, 351, 27, 3.55%, 0, 0, 2, 749.06
1669771733, 0, 1, 354, 353, 27, 3.55%, 0, 0, 2, 863.47
1669771738, 0, 1, 356, 355, 27, 3.56%, 0, 0, 2, 855.71
1669771743, 0, 1, 358, 357, 27, 3.57%, 0, 0, 2, 755.75
1669771748, 0, 1, 360, 359, 27, 3.57%, 0, 0, 2, 1006.67
1669771753, 0, 1, 364, 363, 27, 3.57%, 0, 0, 2, 1352.99
1669771758, 0, 1, 409, 408, 27, 3.60%, 0, 0, 2, 1496.74
1669771763, 0, 1, 413, 412, 27, 3.61%, 0, 0, 2, 1537.78
1669771779, 0, 1, 414, 413, 27, 3.61%, 0, 0, 2, 1505.82
1669771829, 0, 1, 415, 414, 27, 3.61%, 0, 0, 2, 746.60
1669771896, 0, 1, 424, 423, 27, 3.62%, 0, 0, 2, 1772.68
1669771906, 0, 1, 426, 425, 27, 3.63%, 0, 0, 2, 918.82
1669771911, 0, 1, 431, 430, 27, 3.63%, 0, 0, 2, 1097.41
1669771916, 0, 1, 433, 432, 27, 3.63%, 0, 0, 2, 1283.25
1669771936, 0, 1, 435, 434, 27, 3.63%, 0, 0, 2, 1515.71
1669771946, 0, 1, 437, 436, 27, 3.64%, 0, 0, 2, 1529.66
1669771951, 0, 1, 439, 438, 27, 3.64%, 0, 0, 2, 1612.43
1669771956, 0, 1, 440, 439, 27, 3.64%, 0, 0, 2, 1603.49
1669771961, 0, 1, 470, 469, 27, 3.68%, 0, 0, 2, 1774.87
1669771967, 0, 1, 487, 486, 27, 3.70%, 0, 0, 2, 1867.12
1669771972, 0, 1, 492, 491, 27, 3.70%, 0, 0, 2, 1060.86
1669771977, 0, 2, 493, 491, 195, 3.70%, 0, 0, 2, 1008.04
1669771982, 0, 2, 494, 492, 195, 3.70%, 0, 0, 2, 827.23
1669772042, 0, 2, 498, 496, 195, 3.70%, 0, 0, 2, 1415.96
1669772048, 0, 2, 504, 502, 195, 3.70%, 0, 0, 2, 1469.17
1669772099, 0, 2, 506, 504, 195, 3.70%, 0, 0, 2, 1512.29
1669772104, 0, 2, 508, 506, 195, 3.70%, 0, 0, 2, 1600.93
1669772165, 0, 2, 509, 507, 195, 3.70%, 0, 0, 2, 1454.89
1669772170, 0, 2, 510, 508, 195, 3.70%, 0, 0, 2, 1448.40
1669772175, 0, 2, 511, 509, 195, 3.70%, 0, 0, 2, 1427.54
1669772201, 0, 2, 512, 510, 195, 3.71%, 0, 0, 2, 1240.82
1669772206, 0, 2, 514, 512, 195, 3.71%, 0, 0, 2, 1423.85
1669772226, 0, 2, 523, 521, 195, 3.71%, 0, 0, 2, 1571.15
1669772399, 0, 2, 526, 524, 195, 3.71%, 0, 0, 2, 1794.54
1669772404, 0, 2, 534, 532, 195, 3.71%, 0, 0, 2, 1713.67
1669772409, 0, 2, 540, 538, 195, 3.71%, 0, 0, 2, 1696.77
1669772414, 0, 3, 545, 542, 192, 3.72%, 0, 0, 2, 1806.62
1669772506, 0, 3, 551, 548, 192, 3.73%, 0, 0, 2, 1598.04
1669772511, 0, 3, 555, 552, 192, 3.73%, 0, 0, 2, 1414.36
1669772516, 0, 3, 562, 559, 192, 3.74%, 0, 0, 2, 1405.62
1669772612, 0, 3, 563, 560, 192, 3.76%, 0, 0, 2, 1743.89
1669772617, 0, 3, 565, 562, 192, 3.76%, 0, 0, 2, 1813.13
1669772704, 0, 3, 567, 564, 192, 3.76%, 0, 0, 2, 1662.60
1669772719, 0, 3, 569, 566, 192, 3.76%, 0, 0, 2, 1448.14
1669772724, 0, 3, 571, 568, 192, 3.76%, 0, 0, 2, 1444.09
1669772744, 0, 3, 572, 569, 192, 3.79%, 0, 0, 2, 1519.34
1669772749, 0, 3, 574, 571, 192, 3.79%, 0, 0, 2, 1652.92
1669772760, 0, 3, 577, 574, 192, 3.79%, 0, 0, 2, 1604.68
1669772765, 0, 3, 578, 575, 192, 3.79%, 0, 0, 2, 1427.27
1669772790, 0, 3, 584, 581, 192, 3.79%, 0, 0, 2, 1362.26
1669772795, 0, 3, 585, 582, 192, 3.79%, 0, 0, 2, 1514.12
1669773008, 0, 5, 586, 582, 197, 3.79%, 0, 0, 2, 1592.11
1669773013, 0, 7, 642, 637, 196, 3.86%, 0, 0, 2, 1576.92
1669773018, 0, 7, 656, 651, 196, 3.88%, 0, 0, 2, 1670.77
1669773024, 0, 7, 662, 657, 196, 3.89%, 0, 0, 2, 1711.26
1669773029, 0, 7, 664, 659, 196, 3.90%, 0, 0, 2, 1026.40
1669773054, 0, 7, 668, 663, 196, 3.91%, 0, 0, 2, 780.91
1669773059, 0, 7, 671, 666, 196, 3.91%, 0, 0, 2, 775.50
1669773064, 0, 7, 673, 668, 196, 3.91%, 0, 0, 2, 790.53
1669773069, 0, 7, 702, 697, 196, 3.93%, 0, 0, 2, 880.37
1669773074, 0, 7, 711, 706, 196, 3.93%, 0, 0, 2, 915.00
1669773079, 0, 7, 719, 714, 196, 3.93%, 0, 0, 2, 868.05
1669773084, 0, 7, 726, 721, 196, 3.93%, 0, 0, 2, 908.55
1669773089, 0, 7, 729, 724, 196, 3.93%, 0, 0, 2, 903.91
1669773100, 0, 7, 731, 726, 196, 3.93%, 0, 0, 2, 879.81
1669773105, 0, 9, 732, 726, 230, 3.93%, 0, 0, 2, 944.20
1669773110, 0, 9, 734, 728, 230, 3.93%, 0, 0, 2, 903.28
1669773719, 0, 9, 735, 729, 230, 3.93%, 0, 0, 2, 1479.47
1669773724, 0, 9, 736, 730, 230, 3.93%, 0, 0, 2, 1291.78
1669774200, 0, 9, 752, 746, 230, 3.97%, 0, 0, 2, 1427.07
1669774205, 0, 9, 768, 762, 230, 3.99%, 0, 0, 2, 1234.41
1669774210, 0, 9, 770, 764, 230, 3.99%, 0, 0, 2, 1181.46
1669775327, 0, 9, 774, 768, 230, 4.00%, 0, 0, 2, 1284.72
1669775332, 0, 9, 779, 773, 230, 4.00%, 0, 0, 2, 1221.05
1669776433, 0, 9, 780, 774, 230, 4.00%, 0, 0, 2, 1191.95
1669776580, 0, 9, 783, 777, 230, 4.00%, 0, 0, 2, 1280.83
1669776585, 0, 9, 786, 780, 230, 4.00%, 0, 0, 2, 1229.99
1669776600, 0, 9, 787, 781, 230, 4.00%, 0, 0, 2, 1241.87
1669776611, 0, 9, 788, 782, 230, 4.00%, 0, 0, 2, 1389.09
1669776616, 0, 9, 789, 783, 230, 4.00%, 0, 0, 2, 1387.80
1669776621, 0, 9, 790, 784, 230, 4.00%, 0, 0, 2, 1277.84
1669776626, 0, 9, 791, 785, 230, 4.01%, 0, 0, 2, 868.13
