# unix_time, cycles_done, cur_path, paths_total, pending_total, pending_favs, map_size, unique_crashes, unique_hangs, max_depth, execs_per_sec
1669783526, 0, 0, 30, 30, 13, 3.65%, 0, 0, 1, 360.36
1669783531, 0, 0, 33, 33, 13, 3.66%, 0, 0, 2, 1144.14
1669783536, 0, 0, 41, 41, 13, 3.70%, 0, 0, 2, 1078.84
1669783541, 0, 0, 44, 44, 13, 3.72%, 0, 0, 2, 787.27
1669783546, 0, 0, 45, 45, 13, 3.72%, 0, 0, 2, 791.81
1669783556, 0, 0, 47, 47, 13, 3.72%, 0, 0, 2, 849.41
1669783566, 0, 2, 77, 76, 23, 4.70%, 0, 0, 2, 688.90
1669783606, 0, 2, 88, 87, 23, 4.73%, 0, 0, 2, 560.64
1669783611, 0, 2, 122, 121, 23, 4.83%, 0, 0, 2, 582.11
1669783616, 0, 2, 185, 184, 23, 5.07%, 0, 0, 2, 630.21
1669783622, 0, 2, 222, 221, 23, 5.22%, 0, 0, 2, 621.34
1669783627, 0, 2, 272, 271, 23, 5.38%, 0, 0, 2, 666.52
1669783662, 0, 2, 274, 273, 23, 5.40%, 0, 0, 2, 612.86
1669783672, 0, 2, 280, 279, 23, 5.41%, 0, 0, 2, 664.41
1669783677, 0, 2, 284, 283, 23, 5.41%, 0, 0, 2, 644.32
1669783682, 0, 2, 298, 297, 23, 5.44%, 0, 0, 2, 632.40
1669783718, 0, 2, 299, 298, 23, 5.45%, 0, 0, 2, 637.86
1669783728, 0, 2, 301, 300, 23, 5.45%, 0, 0, 2, 602.66
1669783738, 0, 2, 307, 306, 23, 5.45%, 0, 0, 2, 612.63
1669783743, 0, 2, 310, 309, 23, 5.45%, 0, 0, 2, 570.94
1669783748, 0, 2, 328, 327, 23, 5.47%, 0, 0, 2, 686.55
1669783753, 0, 2, 338, 337, 23, 5.52%, 0, 0, 2, 622.66
1669783758, 0, 2, 339, 338, 23, 5.52%, 0, 0, 2, 607.76
1669783763, 0, 2, 340, 339, 23, 5.52%, 0, 0, 2, 579.26
1669783768, 0, 2, 341, 340, 23, 5.53%, 0, 0, 2, 614.66
1669783774, 0, 2, 343, 342, 23, 5.53%, 0, 0, 2, 556.54
1669783779, 0, 2, 344, 343, 23, 5.53%, 0, 0, 2, 596.60
1669783799, 0, 2, 346, 345, 23, 5.53%, 0, 0, 2, 836.19
1669783804, 0, 2, 347, 346, 23, 5.54%, 0, 0, 2, 986.08
1669783809, 0, 2, 365, 364, 23, 5.54%, 0, 0, 2, 1007.36
1669783814, 0, 2, 366, 365, 23, 5.54%, 0, 0, 2, 965.46
1669783865, 0, 2, 368, 367, 23, 5.54%, 0, 0, 2, 1092.63
1669783900, 0, 2, 376, 375, 23, 5.56%, 0, 0, 2, 1010.01
1669783910, 0, 2, 385, 384, 23, 5.58%, 0, 0, 2, 1052.57
1669783921, 0, 2, 392, 391, 23, 5.58%, 0, 0, 2, 963.73
1669783926, 0, 2, 393, 392, 23, 5.58%, 0, 0, 2, 962.52
1669783931, 0, 2, 399, 398, 23, 5.58%, 0, 0, 2, 963.83
1669783936, 0, 2, 415, 414, 23, 5.60%, 0, 0, 2, 1054.85
1669783941, 0, 2, 439, 438, 23, 5.64%, 0, 0, 2, 1251.98
1669783946, 0, 2, 453, 452, 23, 5.64%, 0, 0, 2, 1283.22
1669783951, 0, 2, 461, 460, 23, 5.64%, 0, 0, 2, 1317.86
1669783956, 0, 2, 472, 471, 23, 5.67%, 0, 0, 2, 1303.72
1669783961, 0, 4, 475, 473, 169, 5.67%, 0, 0, 2, 1365.54
1669783966, 0, 4, 478, 476, 169, 5.67%, 0, 0, 2, 980.26
1669784017, 0, 4, 487, 485, 169, 5.69%, 0, 0, 2, 957.63
1669784022, 0, 4, 491, 489, 169, 5.70%, 0, 0, 2, 939.17
1669784027, 0, 4, 494, 492, 169, 5.72%, 0, 0, 2, 931.09
1669784077, 0, 4, 495, 493, 169, 5.73%, 0, 0, 2, 939.21
1669784083, 0, 4, 496, 494, 169, 5.73%, 0, 0, 2, 955.89
1669784088, 0, 4, 498, 496, 169, 5.73%, 0, 0, 2, 919.84
1669784138, 0, 4, 499, 497, 169, 5.73%, 0, 0, 2, 952.59
1669784143, 0, 4, 500, 498, 169, 5.73%, 0, 0, 2, 986.86
1669784153, 0, 4, 503, 501, 169, 5.73%, 0, 0, 2, 975.69
1669784159, 0, 4, 504, 502, 169, 5.73%, 0, 0, 2, 924.60
1669784184, 0, 4, 505, 503, 169, 5.73%, 0, 0, 2, 866.38
1669784220, 0, 4, 512, 510, 169, 5.73%, 0, 0, 2, 1009.33
1669784316, 0, 4, 514, 512, 169, 5.73%, 0, 0, 2, 1006.41
1669784326, 0, 4, 516, 514, 169, 5.73%, 0, 0, 2, 1077.33
1669784331, 0, 4, 518, 516, 169, 5.73%, 0, 0, 2, 981.41
1669784336, 0, 4, 519, 517, 169, 5.73%, 0, 0, 2, 982.86
1669784352, 0, 4, 525, 523, 169, 5.74%, 0, 0, 2, 987.80
1669784357, 0, 4, 526, 524, 169, 5.74%, 0, 0, 2, 1063.82
1669784362, 0, 4, 532, 530, 169, 5.74%, 0, 0, 2, 1323.08
1669784367, 0, 4, 535, 533, 169, 5.74%, 0, 0, 2, 1379.46
1669784372, 0, 4, 541, 539, 169, 5.74%, 0, 0, 2, 1358.48
1669784377, 0, 14, 588, 585, 178, 5.95%, 0, 0, 2, 1077.91
1669784382, 0, 14, 628, 625, 178, 6.18%, 0, 0, 2, 939.23
1669784387, 0, 14, 644, 641, 178, 6.22%, 0, 0, 2, 959.17
1669784392, 0, 14, 649, 646, 178, 6.23%, 0, 0, 2, 871.36
1669784397, 0, 14, 654, 651, 178, 6.25%, 0, 0, 2, 900.54
1669784402, 0, 14, 655, 652, 178, 6.25%, 0, 0, 2, 969.92
1669784407, 0, 14, 658, 655, 178, 6.26%, 0, 0, 2, 865.38
1669784422, 0, 14, 659, 656, 178, 6.26%, 0, 0, 2, 892.95
1669784432, 0, 14, 665, 662, 178, 6.28%, 0, 0, 2, 939.09
1669784437, 0, 14, 669, 666, 178, 6.28%, 0, 0, 2, 910.04
1669784442, 0, 14, 682, 679, 178, 6.30%, 0, 0, 2, 966.52
1669784448, 0, 14, 717, 714, 178, 6.33%, 0, 0, 2, 1265.84
1669784453, 0, 14, 725, 722, 178, 6.33%, 0, 0, 2, 1349.81
1669784458, 0, 14, 732, 729, 178, 6.34%, 0, 0, 2, 1354.41
1669784463, 0, 16, 736, 732, 228, 6.34%, 0, 0, 2, 1196.66
1669784478, 0, 16, 743, 739, 228, 6.35%, 0, 0, 2, 930.40
1669784483, 0, 16, 746, 742, 228, 6.35%, 0, 0, 2, 885.05
1669784499, 0, 16, 749, 745, 228, 6.35%, 0, 0, 2, 915.45
1669784519, 0, 16, 756, 752, 228, 6.35%, 0, 0, 2, 1016.04
1669784615, 0, 16, 757, 753, 228, 6.35%, 0, 0, 2, 1108.54
1669784620, 0, 22, 763, 758, 231, 6.35%, 0, 0, 2, 1251.12
1669784625, 0, 22, 777, 772, 231, 6.39%, 0, 0, 2, 1412.61
1669784630, 0, 22, 785, 780, 231, 6.39%, 0, 0, 2, 1499.12
1669784640, 0, 22, 786, 781, 231, 6.43%, 0, 0, 2, 1451.40
1669784650, 0, 22, 787, 782, 231, 6.43%, 0, 0, 2, 1517.18
1669784655, 0, 22, 799, 794, 231, 6.52%, 0, 0, 2, 1382.47
1669784660, 0, 22, 805, 800, 231, 6.52%, 0, 0, 2, 1496.71
1669784665, 0, 22, 809, 804, 231, 6.53%, 0, 0, 2, 1540.75
1669784671, 0, 22, 813, 808, 231, 6.53%, 0, 0, 2, 1549.10
1669784676, 0, 22, 818, 813, 231, 6.56%, 0, 0, 2, 1508.43
1669784681, 0, 23, 822, 816, 239, 6.56%, 0, 0, 2, 135.04
1669784701, 0, 23, 823, 817, 239, 6.56%, 0, 0, 2, 71.44
1669784706, 0, 23, 825, 819, 239, 6.56%, 0, 0, 2, 80.29
1669784711, 0, 23, 826, 820, 239, 6.56%, 0, 0, 2, 113.73
1669784737, 0, 23, 827, 821, 239, 6.56%, 0, 0, 2, 70.53
1669784742, 0, 23, 828, 822, 239, 6.56%, 0, 0, 2, 86.32
1669784783, 0, 23, 830, 824, 239, 6.56%, 0, 0, 2, 91.58
1669784788, 0, 23, 832, 826, 239, 6.56%, 0, 0, 2, 98.75
1669784885, 0, 23, 835, 829, 239, 6.56%, 0, 0, 2, 64.63
1669784905, 0, 23, 836, 830, 239, 6.56%, 0, 0, 2, 106.19
1669785283, 0, 23, 839, 833, 239, 6.65%, 0, 0, 2, 63.49
1669785329, 0, 24, 859, 852, 238, 6.75%, 0, 0, 2, 1352.68
1669785335, 0, 30, 859, 850, 248, 6.75%, 0, 0, 2, 1574.38
1669785340, 0, 31, 859, 849, 247, 6.75%, 0, 0, 2, 1690.89
1669785345, 0, 32, 859, 848, 246, 6.75%, 0, 0, 2, 1710.81
1669785350, 0, 37, 866, 854, 248, 6.79%, 0, 0, 3, 1723.43
1669785355, 0, 38, 866, 853, 248, 6.79%, 0, 0, 3, 1745.98
1669785360, 0, 41, 867, 852, 247, 6.79%, 0, 0, 3, 1733.48
1669785365, 0, 47, 870, 852, 247, 6.82%, 0, 0, 3, 1725.38
1669785370, 0, 48, 870, 851, 246, 6.82%, 0, 0, 3, 1629.64
1669785375, 0, 50, 870, 850, 245, 6.82%, 0, 0, 3, 1593.16
1669785380, 0, 53, 870, 849, 244, 6.82%, 0, 0, 3, 1082.36
1669785416, 0, 53, 871, 850, 244, 6.82%, 0, 0, 3, 961.16
1669785649, 0, 53, 872, 851, 244, 6.82%, 0, 0, 3, 1036.74
1669785664, 0, 58, 872, 850, 243, 6.82%, 0, 0, 3, 1524.91
1669785685, 0, 58, 873, 851, 243, 6.82%, 0, 0, 3, 1627.41
1669785731, 0, 58, 874, 852, 243, 6.82%, 0, 0, 3, 1614.93
1669785741, 0, 59, 874, 851, 243, 6.82%, 0, 0, 3, 1694.46
1669785746, 0, 62, 874, 850, 244, 6.82%, 0, 0, 3, 1705.57
1669785756, 0, 63, 874, 849, 243, 6.82%, 0, 0, 3, 1637.12
1669785772, 0, 63, 875, 850, 243, 6.82%, 0, 0, 3, 1612.84
1669785797, 0, 63, 876, 851, 243, 6.82%, 0, 0, 3, 1599.09
1669785878, 0, 74, 876, 850, 243, 6.82%, 0, 0, 3, 1623.92
1669785883, 0, 74, 877, 851, 243, 6.82%, 0, 0, 3, 1649.73
1669785980, 0, 80, 878, 851, 242, 6.82%, 0, 0, 3, 1623.96
1669786021, 0, 80, 879, 852, 242, 6.82%, 0, 0, 3, 957.58
1669786265, 0, 81, 880, 852, 242, 6.82%, 0, 0, 3, 1230.49
1669786270, 0, 81, 881, 853, 242, 6.82%, 0, 0, 3, 999.65
1669786306, 0, 81, 882, 854, 242, 6.82%, 0, 0, 3, 936.62
1669786331, 0, 81, 883, 855, 242, 6.82%, 0, 0, 3, 913.70
1669786559, 0, 83, 883, 854, 241, 6.82%, 0, 0, 3, 1129.40
1669786595, 0, 83, 884, 855, 241, 6.82%, 0, 0, 3, 978.42
1669786843, 0, 84, 884, 854, 241, 6.82%, 0, 0, 3, 1181.14
1669786869, 0, 84, 885, 855, 241, 6.82%, 0, 0, 3, 902.44
1669786879, 0, 84, 886, 856, 241, 6.83%, 0, 0, 3, 950.02
1669787142, 0, 87, 887, 856, 242, 6.83%, 0, 0, 3, 1053.84
1669787173, 0, 87, 888, 857, 242, 6.83%, 0, 0, 3, 914.62
1669787441, 0, 97, 888, 856, 242, 6.83%, 0, 0, 3, 1072.72
1669787471, 0, 97, 890, 858, 242, 6.83%, 0, 0, 3, 926.67
1669787735, 0, 109, 890, 857, 241, 6.83%, 0, 0, 3, 1170.24
