# relative_time, cycles_done, cur_item, corpus_count, pending_total, pending_favs, map_size, saved_crashes, saved_hangs, max_depth, execs_per_sec, total_execs, edges_found
60, 0, 373, 529, 525, 252, 4.15%, 0, 0, 3, 1681.59, 102285, 1105
65, 0, 373, 545, 541, 252, 4.22%, 0, 0, 3, 1686.93, 110746, 1124
70, 0, 291, 567, 560, 289, 4.31%, 0, 0, 4, 1641.19, 119075, 1149
75, 0, 291, 582, 575, 289, 4.43%, 0, 0, 4, 1537.94, 126974, 1181
80, 0, 291, 599, 592, 289, 4.46%, 0, 0, 4, 1519.64, 134623, 1188
86, 0, 470, 628, 620, 309, 4.57%, 0, 0, 4, 1720.99, 143631, 1216
91, 0, 470, 643, 635, 309, 4.63%, 0, 0, 4, 1776.94, 152972, 1232
96, 0, 134, 653, 644, 342, 4.64%, 0, 0, 4, 1753.16, 161845, 1236
101, 0, 251, 677, 665, 340, 4.68%, 0, 0, 4, 1594.79, 169735, 1247
106, 0, 251, 692, 680, 340, 4.69%, 0, 0, 4, 1550.48, 177714, 1248
111, 0, 251, 708, 696, 340, 4.70%, 0, 0, 4, 1547.80, 185538, 1251
116, 0, 403, 723, 709, 349, 4.72%, 0, 0, 4, 1659.94, 194136, 1257
122, 0, 403, 725, 711, 349, 4.73%, 0, 0, 4, 1712.38, 203115, 1259
127, 0, 403, 729, 715, 349, 4.75%, 0, 0, 4, 1751.08, 212221, 1264
132, 0, 403, 733, 719, 349, 4.75%, 0, 0, 4, 1767.23, 221091, 1266
137, 0, 676, 748, 731, 356, 4.80%, 0, 0, 4, 1634.01, 229320, 1278
142, 0, 676, 755, 738, 356, 4.82%, 0, 0, 4, 1579.63, 237225, 1283
147, 0, 676, 758, 741, 356, 4.82%, 0, 0, 4, 1561.16, 245027, 1283
152, 0, 692, 775, 757, 360, 4.84%, 0, 0, 4, 1549.64, 252818, 1290
157, 0, 692, 799, 781, 360, 4.89%, 0, 0, 4, 1520.25, 260385, 1302
162, 0, 692, 812, 794, 360, 4.90%, 0, 0, 4, 1507.17, 268036, 1304
167, 0, 692, 824, 806, 360, 4.91%, 0, 0, 4, 1524.82, 275740, 1308
172, 0, 756, 844, 824, 371, 4.99%, 0, 0, 5, 1601.81, 284157, 1328
177, 0, 756, 869, 849, 371, 5.00%, 0, 0, 5, 1568.19, 291991, 1331
182, 0, 756, 884, 864, 371, 5.01%, 0, 0, 5, 1560.57, 299815, 1335
187, 0, 756, 890, 870, 371, 5.02%, 0, 0, 5, 1553.52, 307669, 1337
192, 0, 839, 896, 875, 387, 5.03%, 0, 0, 6, 1585.91, 315641, 1340
198, 0, 757, 901, 875, 384, 5.05%, 0, 0, 6, 1573.36, 323949, 1344
203, 0, 746, 915, 888, 383, 5.06%, 0, 0, 6, 1695.39, 332811, 1348
208, 0, 746, 920, 893, 383, 5.06%, 0, 0, 6, 1757.36, 341742, 1348
213, 0, 746, 924, 897, 383, 5.08%, 0, 0, 6, 1765.62, 350905, 1352
218, 0, 471, 928, 900, 385, 5.08%, 0, 0, 6, 1755.54, 359818, 1352
223, 0, 465, 943, 914, 384, 5.14%, 0, 0, 6, 1789.74, 368896, 1369
228, 0, 465, 946, 917, 384, 5.15%, 0, 0, 6, 1796.09, 377947, 1372
233, 0, 474, 953, 923, 397, 5.18%, 0, 0, 6, 1785.24, 387255, 1379
238, 0, 573, 967, 936, 399, 5.18%, 0, 0, 6, 1562.14, 394835, 1380
243, 0, 573, 971, 940, 399, 5.18%, 0, 0, 6, 1520.26, 402520, 1381
248, 0, 573, 979, 948, 399, 5.19%, 0, 0, 6, 1508.57, 410166, 1383
253, 0, 936, 986, 953, 400, 5.22%, 0, 0, 6, 1680.15, 418615, 1390
259, 0, 936, 992, 959, 400, 5.23%, 0, 0, 6, 1764.40, 427845, 1394
264, 0, 936, 995, 962, 400, 5.24%, 0, 0, 6, 1798.84, 436949, 1397
269, 0, 895, 1011, 976, 415, 5.40%, 0, 0, 7, 1766.49, 445741, 1438
274, 0, 895, 1015, 980, 415, 5.42%, 0, 0, 7, 1774.47, 454694, 1443
279, 0, 895, 1018, 983, 415, 5.42%, 0, 0, 7, 1789.02, 463710, 1444
284, 0, 576, 1022, 983, 420, 5.42%, 0, 0, 7, 1701.10, 472270, 1445
289, 0, 577, 1076, 1035, 417, 5.58%, 0, 0, 7, 1486.10, 479499, 1487
294, 0, 577, 1094, 1053, 417, 5.68%, 0, 0, 7, 1460.72, 486702, 1512
299, 0, 577, 1107, 1066, 417, 5.71%, 0, 0, 7, 1469.92, 494072, 1520
304, 0, 467, 1116, 1071, 460, 5.79%, 0, 0, 7, 1561.22, 501815, 1541
309, 0, 163, 1134, 1087, 459, 5.81%, 0, 0, 7, 1566.37, 509733, 1547
314, 0, 163, 1140, 1093, 459, 5.81%, 0, 0, 7, 1547.33, 517745, 1548
319, 0, 163, 1143, 1096, 459, 5.82%, 0, 0, 7, 1547.09, 525506, 1549
324, 0, 1113, 1192, 1144, 463, 5.98%, 0, 0, 7, 1482.35, 532933, 1592
329, 0, 1113, 1233, 1185, 463, 6.13%, 0, 0, 7, 1444.55, 540090, 1633
334, 0, 1113, 1263, 1215, 463, 6.22%, 0, 0, 7, 1432.95, 547524, 1658
339, 0, 1113, 1282, 1234, 463, 6.27%, 0, 0, 7, 1415.61, 554797, 1669
345, 0, 1113, 1297, 1249, 463, 6.28%, 0, 0, 7, 1426.50, 562070, 1674
350, 0, 1233, 1306, 1255, 544, 6.30%, 0, 0, 7, 1484.88, 569727, 1679
355, 0, 1233, 1310, 1259, 544, 6.30%, 0, 0, 7, 1447.98, 576984, 1679
360, 0, 1233, 1322, 1271, 544, 6.31%, 0, 0, 7, 1422.05, 584096, 1681
365, 0, 1233, 1336, 1285, 544, 6.33%, 0, 0, 7, 1435.64, 591306, 1687
370, 0, 1233, 1343, 1292, 544, 6.34%, 0, 0, 7, 1438.40, 598523, 1690
375, 0, 1238, 1352, 1300, 552, 6.36%, 0, 0, 7, 1455.49, 605870, 1694
380, 0, 1238, 1363, 1311, 552, 6.40%, 0, 0, 7, 1436.99, 613053, 1705
385, 0, 1238, 1372, 1320, 552, 6.44%, 0, 0, 7, 1435.20, 620256, 1716
390, 0, 1238, 1381, 1329, 552, 6.50%, 0, 0, 7, 1432.92, 627711, 1732
395, 0, 609, 1390, 1337, 570, 6.51%, 0, 0, 7, 1487.43, 635396, 1735
400, 0, 1095, 1402, 1347, 568, 6.52%, 0, 0, 7, 1474.14, 643083, 1738
405, 0, 1095, 1410, 1355, 568, 6.54%, 0, 0, 7, 1456.30, 650476, 1742
410, 0, 1095, 1418, 1363, 568, 6.55%, 0, 0, 7, 1397.77, 657324, 1744
415, 0, 51, 1420, 1364, 573, 6.55%, 0, 0, 7, 1467.33, 664642, 1744
420, 0, 1343, 1422, 1359, 568, 6.55%, 0, 0, 7, 1521.76, 672429, 1745
425, 0, 569, 1438, 1373, 566, 6.57%, 0, 0, 7, 1385.59, 679235, 1749
431, 0, 569, 1442, 1377, 566, 6.57%, 0, 0, 7, 1485.08, 686956, 1750
436, 0, 569, 1447, 1382, 566, 6.58%, 0, 0, 7, 1206.33, 692957, 1752
441, 0, 356, 1452, 1385, 573, 6.58%, 0, 0, 7, 1411.99, 700211, 1754
446, 0, 1132, 1459, 1386, 567, 6.59%, 0, 0, 7, 1471.24, 707900, 1756
451, 0, 1132, 1465, 1392, 567, 6.62%, 0, 0, 7, 1497.80, 715508, 1763
456, 0, 1132, 1468, 1395, 567, 6.62%, 0, 0, 7, 1254.81, 721817, 1763
461, 0, 1132, 1478, 1405, 567, 6.69%, 0, 0, 7, 1463.48, 729522, 1783
466, 0, 1132, 1481, 1408, 567, 6.70%, 0, 0, 7, 1360.40, 736612, 1784
472, 0, 423, 1497, 1423, 575, 6.75%, 0, 0, 7, 1475.52, 744123, 1799
477, 0, 423, 1502, 1428, 575, 6.77%, 0, 0, 7, 1580.29, 752071, 1804
482, 0, 423, 1502, 1428, 575, 6.77%, 0, 0, 7, 1713.45, 761137, 1804
487, 0, 753, 1509, 1433, 591, 6.80%, 0, 0, 7, 1690.33, 769548, 1812
492, 0, 753, 1516, 1440, 591, 6.83%, 0, 0, 7, 1714.62, 778471, 1819
497, 0, 753, 1520, 1444, 591, 6.84%, 0, 0, 7, 1704.86, 787101, 1823
502, 0, 1371, 1550, 1472, 612, 6.95%, 0, 0, 7, 1569.46, 795072, 1851
507, 0, 1371, 1613, 1535, 612, 7.17%, 0, 0, 7, 1434.53, 802028, 1911
512, 0, 1371, 1639, 1561, 612, 7.26%, 0, 0, 7, 1412.93, 809070, 1934
517, 0, 1371, 1661, 1583, 612, 7.32%, 0, 0, 7, 1410.71, 816364, 1949
522, 0, 1371, 1672, 1594, 612, 7.34%, 0, 0, 7, 1386.60, 823307, 1956
527, 0, 1015, 1688, 1609, 703, 7.39%, 0, 0, 7, 1382.04, 830164, 1968
533, 0, 1363, 1733, 1652, 701, 7.52%, 0, 0, 7, 1373.71, 837339, 2004
538, 0, 1363, 1750, 1669, 701, 7.56%, 0, 0, 7, 1371.92, 844451, 2015
543, 0, 1363, 1763, 1682, 701, 7.60%, 0, 0, 7, 1394.61, 851751, 2025
548, 0, 1363, 1769, 1688, 701, 7.63%, 0, 0, 7, 1362.41, 858597, 2032
553, 0, 1363, 1781, 1700, 701, 7.65%, 0, 0, 7, 1245.59, 864756, 2039
558, 0, 1759, 1807, 1723, 750, 7.72%, 0, 0, 8, 1360.20, 872128, 2056
563, 0, 1759, 1822, 1738, 750, 7.74%, 0, 0, 8, 1404.57, 879466, 2063
569, 0, 1759, 1830, 1746, 750, 7.76%, 0, 0, 8, 1403.89, 886774, 2067
574, 0, 1759, 1835, 1751, 750, 7.77%, 0, 0, 8, 1413.72, 893921, 2069
579, 0, 949, 1841, 1756, 774, 7.77%, 0, 0, 8, 1442.03, 901386, 2070
584, 0, 1460, 1846, 1755, 768, 7.77%, 0, 0, 8, 1510.93, 909388, 2070
589, 0, 1460, 1847, 1756, 768, 7.77%, 0, 0, 8, 1484.87, 916824, 2070
594, 0, 1460, 1850, 1759, 768, 7.78%, 0, 0, 8, 1479.65, 924298, 2072
599, 0, 1460, 1852, 1761, 768, 7.79%, 0, 0, 8, 1490.61, 931794, 2074
604, 0, 1272, 1857, 1763, 766, 7.79%, 0, 0, 8, 1471.67, 939529, 2075
609, 0, 1272, 1861, 1767, 766, 7.79%, 0, 0, 8, 1410.74, 946721, 2075
615, 0, 1272, 1864, 1770, 766, 7.79%, 0, 0, 8, 1416.38, 953910, 2075
620, 0, 1272, 1866, 1772, 766, 7.79%, 0, 0, 8, 1383.94, 960854, 2075
625, 0, 1272, 1872, 1778, 766, 7.81%, 0, 0, 8, 1396.76, 968159, 2080
630, 0, 1634, 1881, 1785, 766, 7.82%, 0, 0, 8, 1422.03, 975359, 2084
635, 0, 1634, 1890, 1794, 766, 7.86%, 0, 0, 8, 1379.86, 982246, 2095
640, 0, 1634, 1902, 1806, 766, 7.87%, 0, 0, 8, 1373.98, 989323, 2097
645, 0, 1634, 1915, 1819, 766, 7.91%, 0, 0, 8, 1385.41, 996488, 2107
650, 0, 1634, 1922, 1826, 766, 7.92%, 0, 0, 8, 1390.56, 1003449, 2110
655, 0, 1867, 1930, 1829, 779, 7.93%, 0, 0, 8, 1484.08, 1011250, 2112
660, 0, 1867, 1937, 1836, 779, 7.96%, 0, 0, 8, 1417.07, 1018317, 2120
665, 0, 1867, 1942, 1841, 779, 7.99%, 0, 0, 8, 1404.69, 1025408, 2129
671, 0, 1867, 1949, 1848, 779, 8.04%, 0, 0, 8, 1398.69, 1032656, 2141
676, 0, 1867, 1955, 1854, 779, 8.07%, 0, 0, 8, 1404.07, 1039695, 2149
681, 0, 838, 1961, 1858, 799, 8.09%, 0, 0, 8, 1529.94, 1047506, 2156
686, 0, 718, 1964, 1855, 793, 8.10%, 0, 0, 8, 1572.17, 1055325, 2158
691, 0, 1952, 1976, 1865, 791, 8.14%, 0, 0, 8, 1431.19, 1062545, 2167
696, 0, 1952, 1989, 1878, 791, 8.16%, 0, 0, 8, 1397.62, 1069450, 2173
701, 0, 1952, 1994, 1883, 791, 8.17%, 0, 0, 8, 1464.36, 1076856, 2175
706, 0, 1952, 1996, 1885, 791, 8.17%, 0, 0, 8, 1482.00, 1084584, 2176
712, 0, 1683, 2000, 1888, 802, 8.18%, 0, 0, 8, 1472.66, 1092303, 2178
717, 0, 1683, 2012, 1900, 802, 8.19%, 0, 0, 8, 1401.16, 1099280, 2181
722, 0, 1683, 2018, 1906, 802, 8.20%, 0, 0, 8, 1357.78, 1106016, 2183
727, 0, 1683, 2026, 1914, 802, 8.20%, 0, 0, 8, 1335.61, 1112846, 2185
732, 0, 1683, 2033, 1921, 802, 8.21%, 0, 0, 8, 1350.84, 1119915, 2186
737, 0, 1955, 2064, 1951, 810, 8.30%, 0, 0, 8, 1345.26, 1126606, 2212
742, 0, 1955, 2093, 1980, 810, 8.39%, 0, 0, 8, 1316.49, 1133153, 2235
747, 0, 1955, 2106, 1993, 810, 8.42%, 0, 0, 8, 1355.05, 1140240, 2242
752, 0, 1955, 2113, 2000, 810, 8.43%, 0, 0, 8, 1390.41, 1147444, 2246
757, 0, 1955, 2116, 2003, 810, 8.43%, 0, 0, 8, 1399.31, 1154522, 2246
763, 0, 1817, 2158, 2043, 858, 8.56%, 0, 0, 9, 1395.69, 1161849, 2281
768, 0, 1817, 2210, 2095, 858, 8.71%, 0, 0, 9, 1391.59, 1169041, 2319
773, 0, 1817, 2234, 2119, 858, 8.77%, 0, 0, 9, 1407.90, 1176340, 2335
778, 0, 1817, 2250, 2135, 858, 8.78%, 0, 0, 9, 1386.77, 1183253, 2340
783, 0, 1577, 2260, 2142, 935, 8.81%, 0, 0, 9, 1396.04, 1190293, 2346
788, 0, 1717, 2270, 2149, 934, 8.85%, 0, 0, 9, 1394.97, 1197619, 2358
793, 0, 1717, 2276, 2155, 934, 8.89%, 0, 0, 9, 1383.30, 1204789, 2367
798, 0, 1717, 2284, 2163, 934, 8.90%, 0, 0, 9, 1377.82, 1211757, 2372
803, 0, 1717, 2288, 2167, 934, 8.91%, 0, 0, 9, 1260.31, 1218084, 2373
809, 0, 1717, 2294, 2173, 934, 8.92%, 0, 0, 9, 1223.41, 1224619, 2376
814, 0, 1998, 2304, 2179, 939, 8.95%, 0, 0, 9, 1340.15, 1231773, 2383
819, 0, 1998, 2316, 2191, 939, 8.95%, 0, 0, 9, 1307.71, 1238461, 2385
824, 0, 1998, 2322, 2197, 939, 8.96%, 0, 0, 9, 1344.42, 1245185, 2387
829, 0, 1998, 2332, 2207, 939, 8.96%, 0, 0, 9, 1352.29, 1251989, 2388
834, 0, 2274, 2359, 2232, 940, 9.05%, 0, 0, 9, 1315.11, 1258472, 2411
839, 0, 2274, 2417, 2290, 940, 9.24%, 0, 0, 9, 1373.49, 1265445, 2461
844, 0, 2274, 2452, 2325, 940, 9.32%, 0, 0, 9, 1398.05, 1272737, 2483
850, 0, 2274, 2471, 2344, 940, 9.36%, 0, 0, 9, 1389.58, 1279917, 2492
855, 0, 1948, 2490, 2361, 1019, 9.39%, 0, 0, 9, 1432.87, 1287087, 2501
860, 0, 1948, 2528, 2399, 1019, 9.49%, 0, 0, 9, 1401.27, 1294322, 2529
865, 0, 1948, 2538, 2409, 1019, 9.51%, 0, 0, 9, 1382.11, 1301115, 2534
870, 0, 1948, 2543, 2414, 1019, 9.53%, 0, 0, 9, 1384.11, 1308251, 2538
875, 0, 1948, 2548, 2419, 1019, 9.54%, 0, 0, 9, 1396.55, 1315252, 2540
880, 0, 1381, 2556, 2426, 1058, 9.54%, 0, 0, 9, 1436.81, 1322687, 2540
885, 0, 2220, 2577, 2445, 1056, 9.56%, 0, 0, 10, 1432.45, 1329944, 2547
890, 0, 2220, 2586, 2454, 1056, 9.57%, 0, 0, 10, 1403.28, 1337147, 2549
895, 0, 2220, 2602, 2470, 1056, 9.60%, 0, 0, 10, 1392.44, 1344185, 2558
900, 0, 1093, 2608, 2475, 1062, 9.60%, 0, 0, 10, 1440.83, 1351399, 2558
905, 0, 1093, 2613, 2480, 1062, 9.60%, 0, 0, 10, 1415.85, 1358518, 2558
910, 0, 1093, 2615, 2482, 1062, 9.60%, 0, 0, 10, 1420.11, 1365633, 2558
915, 0, 1093, 2617, 2484, 1062, 9.60%, 0, 0, 10, 1387.39, 1372643, 2558
921, 0, 1093, 2623, 2490, 1062, 9.61%, 0, 0, 10, 1365.18, 1379516, 2560
926, 0, 2053, 2631, 2497, 1064, 9.62%, 0, 0, 10, 1406.82, 1386838, 2562
931, 0, 2053, 2634, 2500, 1064, 9.62%, 0, 0, 10, 1425.53, 1394055, 2562
936, 0, 2053, 2637, 2503, 1064, 9.62%, 0, 0, 10, 1383.37, 1401018, 2563
941, 0, 2053, 2640, 2506, 1064, 9.63%, 0, 0, 10, 1380.33, 1407924, 2564
946, 0, 2547, 2642, 2504, 1065, 9.63%, 0, 0, 10, 1465.23, 1415621, 2564
951, 0, 599, 2649, 2507, 1061, 9.63%, 0, 0, 10, 1450.69, 1423212, 2566
956, 0, 599, 2653, 2511, 1061, 9.63%, 0, 0, 10, 1411.60, 1430265, 2566
961, 0, 599, 2654, 2512, 1061, 9.63%, 0, 0, 10, 1322.83, 1436662, 2566
966, 0, 599, 2656, 2514, 1061, 9.63%, 0, 0, 10, 1419.09, 1444174, 2566
972, 0, 1194, 2699, 2555, 1058, 9.76%, 0, 0, 10, 1410.17, 1451541, 2600
977, 0, 1194, 2716, 2572, 1058, 9.80%, 0, 0, 10, 1401.82, 1458632, 2610
982, 0, 1194, 2731, 2587, 1058, 9.82%, 0, 0, 10, 1411.92, 1465709, 2616
987, 0, 1194, 2745, 2601, 1058, 9.83%, 0, 0, 10, 1411.23, 1472807, 2619
992, 0, 1194, 2756, 2612, 1058, 9.85%, 0, 0, 10, 1401.72, 1479854, 2625
997, 0, 1468, 2765, 2616, 1113, 9.87%, 0, 0, 10, 1471.07, 1487332, 2630
1002, 0, 1468, 2781, 2632, 1113, 9.92%, 0, 0, 10, 1471.87, 1494765, 2643
1007, 0, 1468, 2788, 2639, 1113, 9.93%, 0, 0, 10, 1454.84, 1502006, 2645
1012, 0, 1468, 2791, 2642, 1113, 9.93%, 0, 0, 10, 1463.99, 1509393, 2646
1017, 0, 1468, 2792, 2643, 1113, 9.94%, 0, 0, 10, 1469.00, 1516766, 2647
1022, 0, 1116, 2794, 2641, 1116, 9.95%, 0, 0, 10, 1475.73, 1524287, 2650
1027, 0, 2126, 2802, 2646, 1113, 9.95%, 0, 0, 10, 1412.65, 1531639, 2650
1032, 0, 2126, 2814, 2658, 1113, 9.95%, 0, 0, 10, 1421.77, 1539031, 2651
1037, 0, 2126, 2819, 2663, 1113, 9.96%, 0, 0, 10, 1435.98, 1546262, 2654
1042, 0, 2191, 2823, 2666, 1117, 9.97%, 0, 0, 10, 1453.54, 1553490, 2655
1048, 0, 2191, 2884, 2727, 1117, 10.17%, 0, 0, 10, 1428.12, 1560843, 2710
1053, 0, 2191, 2908, 2751, 1117, 10.22%, 0, 0, 10, 1428.75, 1568263, 2722
1058, 0, 2191, 2929, 2772, 1117, 10.25%, 0, 0, 10, 1429.32, 1575690, 2731
1063, 0, 1145, 2938, 2779, 1180, 10.26%, 0, 0, 10, 1462.21, 1583021, 2734
1068, 0, 1738, 2945, 2784, 1178, 10.26%, 0, 0, 10, 1396.62, 1589999, 2734
1073, 0, 1738, 2948, 2787, 1178, 10.27%, 0, 0, 10, 1405.21, 1597284, 2735
1078, 0, 1738, 2951, 2790, 1178, 10.27%, 0, 0, 10, 1418.98, 1604445, 2736
1083, 0, 1738, 2956, 2795, 1178, 10.27%, 0, 0, 10, 1376.39, 1611460, 2736
1089, 0, 1738, 2956, 2795, 1178, 10.27%, 0, 0, 10, 1436.57, 1618908, 2736
1094, 0, 1687, 3001, 2835, 1176, 10.43%, 0, 0, 10, 1419.58, 1626490, 2777
1099, 0, 1687, 3059, 2893, 1176, 10.58%, 0, 0, 10, 1394.81, 1633671, 2817
1104, 0, 1687, 3085, 2919, 1176, 10.63%, 0, 0, 10, 1399.10, 1640630, 2832
1109, 0, 1687, 3112, 2946, 1176, 10.68%, 0, 0, 10, 1398.80, 1647590, 2845
1114, 0, 1687, 3129, 2963, 1176, 10.71%, 0, 0, 10, 1383.88, 1654573, 2854
1119, 0, 2159, 3136, 2969, 1278, 10.73%, 0, 0, 10, 1368.99, 1661224, 2857
1124, 0, 2699, 3139, 2969, 1275, 10.73%, 0, 0, 10, 1445.64, 1668776, 2857
1129, 0, 1553, 3143, 2970, 1275, 10.73%, 0, 0, 10, 1462.14, 1676458, 2858
1135, 0, 1519, 3146, 2968, 1272, 10.74%, 0, 0, 10, 1547.79, 1684656, 2860
1140, 0, 2867, 3162, 2983, 1272, 10.76%, 0, 0, 11, 1459.47, 1692117, 2866
1145, 0, 2867, 3171, 2992, 1272, 10.77%, 0, 0, 11, 1424.52, 1699275, 2868
1150, 0, 2867, 3176, 2997, 1272, 10.77%, 0, 0, 11, 1402.87, 1706502, 2868
1155, 0, 3102, 3184, 3003, 1281, 10.78%, 0, 0, 11, 1396.33, 1713864, 2872
1160, 0, 3102, 3197, 3016, 1281, 10.80%, 0, 0, 11, 1375.83, 1720957, 2876
1165, 0, 3102, 3209, 3028, 1281, 10.80%, 0, 0, 11, 1350.65, 1727649, 2878
1170, 0, 3102, 3223, 3042, 1281, 10.81%, 0, 0, 11, 1354.95, 1734531, 2879
1176, 0, 2359, 3239, 3057, 1287, 10.84%, 0, 0, 11, 1338.49, 1741493, 2887
1181, 0, 2359, 3248, 3066, 1287, 10.86%, 0, 0, 11, 1388.69, 1748533, 2893
1186, 0, 2359, 3264, 3082, 1287, 10.89%, 0, 0, 11, 1400.51, 1755800, 2900
1191, 0, 3171, 3306, 3122, 1298, 10.99%, 0, 0, 12, 1427.58, 1763281, 2928
1196, 0, 3171, 3319, 3135, 1298, 11.03%, 0, 0, 12, 1431.01, 1770708, 2938
1201, 0, 3171, 3334, 3150, 1298, 11.07%, 0, 0, 12, 1429.23, 1778121, 2948
1206, 0, 1430, 3338, 3153, 1342, 11.07%, 0, 0, 12, 1463.66, 1785448, 2949
1212, 0, 3327, 3345, 3157, 1339, 11.07%, 0, 0, 13, 1463.58, 1793137, 2949
1217, 0, 3327, 3352, 3164, 1339, 11.08%, 0, 0, 13, 1444.17, 1800386, 2951
1222, 0, 3327, 3361, 3173, 1339, 11.08%, 0, 0, 13, 1439.80, 1807589, 2951
1227, 0, 3327, 3365, 3177, 1339, 11.08%, 0, 0, 13, 1418.79, 1814898, 2951
1232, 0, 2826, 3369, 3177, 1337, 11.08%, 0, 0, 13, 1467.00, 1822579, 2952
1237, 0, 2107, 3383, 3188, 1335, 11.11%, 0, 0, 13, 1436.18, 1829843, 2960
1242, 0, 2107, 3390, 3195, 1335, 11.14%, 0, 0, 13, 1411.63, 1836948, 2967
1247, 0, 2107, 3391, 3196, 1335, 11.14%, 0, 0, 13, 1334.24, 1843551, 2968
1252, 0, 2107, 3395, 3200, 1335, 11.15%, 0, 0, 13, 1410.95, 1850699, 2970
1257, 0, 2217, 3400, 3204, 1349, 11.15%, 0, 0, 13, 1399.17, 1857990, 2971
1262, 0, 2217, 3405, 3209, 1349, 11.16%, 0, 0, 13, 1031.90, 1863261, 2972
1267, 0, 2217, 3405, 3209, 1349, 11.16%, 0, 0, 13, 859.33, 1867256, 2972
1272, 0, 2217, 3409, 3213, 1349, 11.16%, 0, 0, 13, 1226.86, 1873502, 2972
1277, 0, 3311, 3411, 3213, 1347, 11.16%, 0, 0, 13, 1515.43, 1881474, 2972
1282, 0, 3183, 3430, 3231, 1346, 11.16%, 0, 0, 13, 1510.45, 1889113, 2974
1287, 0, 3183, 3439, 3240, 1346, 11.17%, 0, 0, 13, 1502.42, 1896706, 2975
1292, 0, 3183, 3446, 3247, 1346, 11.17%, 0, 0, 13, 1530.43, 1904465, 2976
1297, 0, 2737, 3452, 3250, 1345, 11.18%, 0, 0, 13, 1565.88, 1912338, 2978
1303, 0, 2341, 3462, 3258, 1346, 11.19%, 0, 0, 13, 1551.37, 1920205, 2981
1308, 0, 2341, 3466, 3262, 1346, 11.19%, 0, 0, 13, 1537.52, 1927913, 2981
1313, 0, 2341, 3474, 3270, 1346, 11.19%, 0, 0, 13, 1533.29, 1935679, 2982
1318, 0, 1329, 3480, 3275, 1349, 11.20%, 0, 0, 13, 1551.92, 1943497, 2984
1323, 0, 1329, 3486, 3281, 1349, 11.20%, 0, 0, 13, 1532.46, 1951249, 2984
1328, 0, 1329, 3490, 3285, 1349, 11.20%, 0, 0, 13, 1506.17, 1958747, 2984
1333, 0, 1329, 3495, 3290, 1349, 11.20%, 0, 0, 13, 1503.31, 1966342, 2984
1338, 0, 1329, 3500, 3295, 1349, 11.20%, 0, 0, 13, 1480.24, 1973772, 2984
1343, 0, 1960, 3511, 3303, 1347, 11.23%, 0, 0, 13, 1624.44, 1981968, 2992
1348, 0, 1960, 3515, 3307, 1347, 11.25%, 0, 0, 13, 1836.13, 1991704, 2996
1353, 0, 1960, 3517, 3309, 1347, 11.26%, 0, 0, 13, 1881.93, 2001349, 2998
1358, 0, 2553, 3520, 3311, 1354, 11.26%, 0, 0, 13, 1675.33, 2009796, 2998
1363, 0, 2553, 3522, 3313, 1354, 11.26%, 0, 0, 13, 1565.09, 2017462, 2998
1368, 0, 2553, 3523, 3314, 1354, 11.26%, 0, 0, 13, 479.25, 2023250, 2999
1373, 0, 2553, 3526, 3317, 1354, 11.26%, 0, 0, 13, 765.88, 2028255, 2999
1379, 0, 869, 3527, 3316, 1353, 11.26%, 0, 0, 13, 1101.88, 2033965, 2999
1384, 0, 2822, 3530, 3318, 1352, 11.26%, 0, 0, 13, 1298.84, 2040898, 2999
1389, 0, 2923, 3536, 3323, 1352, 11.27%, 0, 0, 13, 1359.38, 2048016, 3001
1394, 0, 2923, 3537, 3324, 1352, 11.27%, 0, 0, 13, 1333.28, 2054689, 3002
1399, 0, 2923, 3541, 3328, 1352, 11.27%, 0, 0, 13, 1408.87, 2062053, 3002
1404, 0, 3294, 3543, 3329, 1353, 11.27%, 0, 0, 13, 1450.67, 2069590, 3002
1410, 0, 2468, 3545, 3327, 1349, 11.27%, 0, 0, 13, 1478.32, 2077278, 3002
1415, 0, 2468, 3552, 3334, 1349, 11.27%, 0, 0, 13, 1408.20, 2084299, 3003
1420, 0, 2468, 3560, 3342, 1349, 11.27%, 0, 0, 13, 1399.57, 2091529, 3003
1425, 0, 2468, 3565, 3347, 1349, 11.27%, 0, 0, 13, 1403.25, 2098614, 3003
1430, 0, 3556, 3571, 3352, 1346, 11.27%, 0, 0, 13, 1413.39, 2105754, 3003
1435, 0, 3556, 3577, 3358, 1346, 11.29%, 0, 0, 13, 1382.89, 2112684, 3007
1440, 0, 3556, 3585, 3366, 1346, 11.30%, 0, 0, 13, 1395.97, 2119922, 3009
1445, 0, 3556, 3590, 3371, 1346, 11.30%, 0, 0, 13, 1387.33, 2126815, 3011
1450, 0, 2707, 3592, 3370, 1348, 11.31%, 0, 0, 13, 1430.56, 2134087, 3012
1455, 0, 2707, 3596, 3374, 1348, 11.31%, 0, 0, 13, 1390.63, 2141262, 3013
1461, 0, 2707, 3603, 3381, 1348, 11.32%, 0, 0, 13, 1404.50, 2148547, 3015
1466, 0, 2707, 3607, 3385, 1348, 11.33%, 0, 0, 13, 1399.50, 2155514, 3017
1471, 0, 2707, 3613, 3391, 1348, 11.34%, 0, 0, 13, 1389.56, 2162468, 3021
1476, 0, 742, 3616, 3391, 1355, 11.35%, 0, 0, 13, 1422.79, 2169739, 3024
1481, 0, 1664, 3622, 3394, 1352, 11.35%, 0, 0, 13, 1437.29, 2177295, 3024
1486, 0, 1664, 3630, 3402, 1352, 11.36%, 0, 0, 13, 1388.42, 2184227, 3025
1491, 0, 1664, 3638, 3410, 1352, 11.36%, 0, 0, 13, 1401.53, 2191519, 3027
1496, 0, 1664, 3640, 3412, 1352, 11.36%, 0, 0, 13, 1390.12, 2198505, 3027
1501, 0, 1664, 3645, 3417, 1352, 11.37%, 0, 0, 13, 1398.07, 2205736, 3028
1507, 0, 1256, 3649, 3418, 1351, 11.37%, 0, 0, 13, 1450.77, 2213377, 3028
1512, 0, 1021, 3668, 3435, 1349, 11.51%, 0, 0, 13, 1502.22, 2221203, 3065
1517, 0, 1021, 3678, 3445, 1349, 11.60%, 0, 0, 13, 1542.55, 2229043, 3089
1522, 0, 1021, 3685, 3452, 1349, 11.62%, 0, 0, 13, 1555.33, 2236863, 3096
1527, 0, 1021, 3691, 3458, 1349, 11.68%, 0, 0, 13, 1561.92, 2244717, 3112
1532, 0, 3553, 3699, 3464, 1382, 11.72%, 0, 0, 13, 1511.53, 2252595, 3121
1537, 0, 2880, 3703, 3466, 1380, 11.74%, 0, 0, 13, 1423.24, 2259855, 3127
1542, 0, 2257, 3708, 3469, 1382, 11.75%, 0, 0, 13, 1366.76, 2266789, 3129
1547, 0, 2257, 3718, 3479, 1382, 11.75%, 0, 0, 13, 1285.73, 2273097, 3130
1552, 0, 2257, 3723, 3484, 1382, 11.75%, 0, 0, 13, 1275.23, 2279657, 3131
1557, 0, 2257, 3726, 3487, 1382, 11.75%, 0, 0, 13, 1273.56, 2286053, 3131
1563, 0, 3069, 3731, 3491, 1384, 11.75%, 0, 0, 13, 1293.87, 2292754, 3131
1568, 0, 3069, 3739, 3499, 1384, 11.75%, 0, 0, 13, 1231.54, 2299007, 3131
1573, 0, 3069, 3741, 3501, 1384, 11.75%, 0, 0, 13, 1203.51, 2305022, 3131
1578, 0, 3069, 3744, 3504, 1384, 11.75%, 0, 0, 13, 1216.58, 2311378, 3131
1583, 0, 3069, 3751, 3511, 1384, 11.75%, 0, 0, 13, 1213.04, 2317715, 3131
1588, 0, 2533, 3758, 3516, 1382, 11.75%, 0, 0, 13, 1295.09, 2324339, 3131
1593, 0, 2533, 3763, 3521, 1382, 11.75%, 0, 0, 13, 1298.41, 2331087, 3131
1598, 0, 2533, 3767, 3525, 1382, 11.76%, 0, 0, 13, 1309.69, 2337875, 3132
1604, 0, 915, 3771, 3528, 1383, 11.76%, 0, 0, 13, 1386.95, 2345121, 3133
1609, 0, 3766, 3779, 3533, 1381, 11.77%, 0, 0, 13, 1426.78, 2352694, 3135
1614, 0, 3766, 3785, 3539, 1381, 11.78%, 0, 0, 13, 1380.71, 2359663, 3137
1619, 0, 3766, 3788, 3542, 1381, 11.78%, 0, 0, 13, 1396.37, 2366981, 3137
1624, 0, 3766, 3790, 3544, 1381, 11.78%, 0, 0, 13, 1395.99, 2373981, 3137
1629, 0, 3640, 3793, 3546, 1383, 11.78%, 0, 0, 13, 1382.32, 2380944, 3137
1634, 0, 3628, 3797, 3547, 1379, 11.79%, 0, 0, 13, 1402.32, 2388225, 3141
1640, 0, 3628, 3805, 3555, 1379, 11.81%, 0, 0, 13, 1420.25, 2395617, 3147
1645, 0, 3628, 3807, 3557, 1379, 11.82%, 0, 0, 13, 1391.93, 2402611, 3149
1650, 0, 3628, 3808, 3558, 1379, 11.83%, 0, 0, 13, 1387.58, 2409584, 3150
1655, 0, 2087, 3813, 3561, 1391, 11.84%, 0, 0, 13, 1282.02, 2416036, 3153
1660, 0, 2087, 3818, 3566, 1391, 11.84%, 0, 0, 13, 1210.02, 2421660, 3154
1665, 0, 2087, 3821, 3569, 1391, 11.84%, 0, 0, 13, 1304.77, 2428342, 3154
1670, 0, 2087, 3822, 3570, 1391, 11.84%, 0, 0, 13, 1334.95, 2435288, 3154
1675, 0, 2774, 3824, 3571, 1390, 11.84%, 0, 0, 13, 1378.13, 2442414, 3154
1680, 0, 2056, 3829, 3574, 1388, 11.84%, 0, 0, 13, 1376.46, 2449668, 3154
1686, 0, 2056, 3835, 3580, 1388, 11.84%, 0, 0, 13, 1321.10, 2456397, 3155
1691, 0, 2056, 3836, 3581, 1388, 11.84%, 0, 0, 13, 1339.47, 2463112, 3155
1696, 0, 2056, 3837, 3582, 1388, 11.84%, 0, 0, 13, 1327.76, 2469905, 3155
1701, 0, 3043, 3842, 3584, 1386, 11.85%, 0, 0, 13, 1315.77, 2476628, 3156
1706, 0, 3043, 3850, 3592, 1386, 11.85%, 0, 0, 13, 1304.58, 2483418, 3156
1711, 0, 3043, 3857, 3599, 1386, 11.85%, 0, 0, 13, 1314.55, 2490045, 3156
1716, 0, 3043, 3865, 3607, 1386, 11.85%, 0, 0, 13, 1305.72, 2496575, 3156
1721, 0, 3354, 3867, 3606, 1385, 11.85%, 0, 0, 13, 1388.39, 2503873, 3156
1726, 0, 3348, 3890, 3625, 1381, 11.92%, 0, 0, 14, 1377.63, 2511047, 3176
1731, 0, 3348, 3922, 3657, 1381, 12.00%, 0, 0, 14, 1339.69, 2517711, 3197
1737, 0, 3348, 3937, 3672, 1381, 12.03%, 0, 0, 14, 1307.35, 2524429, 3204
1742, 0, 3348, 3946, 3681, 1381, 12.03%, 0, 0, 14, 1343.19, 2531252, 3205
1747, 0, 3770, 3954, 3687, 1422, 12.03%, 0, 0, 14, 1377.81, 2538327, 3205
1752, 0, 1585, 3956, 3688, 1421, 12.03%, 0, 0, 14, 1342.90, 2545130, 3205
1757, 0, 2493, 3959, 3689, 1419, 12.03%, 0, 0, 14, 1291.16, 2551791, 3205
1762, 0, 2493, 3962, 3692, 1419, 12.03%, 0, 0, 14, 1321.16, 2558687, 3205
1767, 0, 2493, 3964, 3694, 1419, 12.03%, 0, 0, 14, 1324.29, 2565383, 3205
1773, 0, 2493, 3969, 3699, 1419, 12.04%, 0, 0, 14, 1341.31, 2572379, 3208
1778, 0, 1856, 3971, 3696, 1414, 12.04%, 0, 0, 14, 1391.53, 2579774, 3208
1783, 0, 3873, 3976, 3699, 1412, 12.04%, 0, 0, 15, 1379.00, 2586704, 3208
1788, 0, 3873, 3983, 3706, 1412, 12.05%, 0, 0, 15, 1346.89, 2593405, 3209
1793, 0, 3873, 3988, 3711, 1412, 12.05%, 0, 0, 15, 1372.95, 2600342, 3209
1798, 0, 3873, 3997, 3720, 1412, 12.06%, 0, 0, 15, 1356.06, 2607128, 3213
1803, 0, 3873, 4002, 3725, 1412, 12.07%, 0, 0, 15, 1365.83, 2614038, 3215
1808, 0, 2868, 4031, 3753, 1415, 12.15%, 0, 0, 15, 1371.39, 2621144, 3237
1813, 0, 2868, 4039, 3761, 1415, 12.16%, 0, 0, 15, 1371.89, 2628031, 3240
1818, 0, 2868, 4045, 3767, 1415, 12.17%, 0, 0, 15, 1355.53, 2634796, 3241
1823, 0, 2868, 4049, 3771, 1415, 12.17%, 0, 0, 15, 1381.62, 2641768, 3241
1828, 0, 3586, 4055, 3774, 1434, 12.17%, 0, 0, 15, 1386.89, 2649031, 3241
1833, 0, 3586, 4060, 3779, 1434, 12.17%, 0, 0, 15, 1344.33, 2655762, 3242
1839, 0, 3586, 4068, 3787, 1434, 12.17%, 0, 0, 15, 1332.41, 2662686, 3243
1844, 0, 3586, 4075, 3794, 1434, 12.17%, 0, 0, 15, 1335.08, 2669625, 3243
1849, 0, 3632, 4076, 3793, 1435, 12.17%, 0, 0, 15, 1351.27, 2676649, 3243
1854, 0, 3107, 4084, 3800, 1434, 12.18%, 0, 0, 15, 1330.89, 2683609, 3244
1859, 0, 3107, 4086, 3802, 1434, 12.18%, 0, 0, 15, 1318.99, 2690461, 3244
1864, 0, 3107, 4089, 3805, 1434, 12.18%, 0, 0, 15, 1348.30, 2697450, 3245
1870, 0, 3107, 4092, 3808, 1434, 12.18%, 0, 0, 15, 1334.66, 2704331, 3245
1875, 0, 3892, 4095, 3808, 1435, 12.22%, 0, 0, 15, 1375.18, 2711295, 3254
1880, 0, 3391, 4099, 3808, 1429, 12.22%, 0, 0, 15, 1420.46, 2718417, 3254
1885, 0, 3391, 4105, 3814, 1429, 12.22%, 0, 0, 15, 1370.75, 2725457, 3255
1890, 0, 3391, 4106, 3815, 1429, 12.22%, 0, 0, 15, 1368.48, 2732322, 3255
1895, 0, 3391, 4110, 3819, 1429, 12.22%, 0, 0, 15, 1392.60, 2739326, 3255
1900, 0, 3907, 4121, 3828, 1431, 12.26%, 0, 0, 15, 1378.95, 2746202, 3265
1905, 0, 3907, 4166, 3873, 1431, 12.39%, 0, 0, 15, 1345.76, 2753130, 3300
1910, 0, 3907, 4180, 3887, 1431, 12.43%, 0, 0, 15, 1332.48, 2760092, 3311
1915, 0, 3907, 4187, 3894, 1431, 12.44%, 0, 0, 15, 1361.61, 2767130, 3313
1921, 0, 3907, 4199, 3906, 1431, 12.45%, 0, 0, 15, 1355.01, 2773964, 3317
1926, 0, 3907, 4205, 3912, 1431, 12.46%, 0, 0, 15, 1363.98, 2781018, 3318
1931, 0, 2715, 4209, 3915, 1484, 12.46%, 0, 0, 15, 1352.42, 2788061, 3320
1936, 0, 2715, 4215, 3921, 1484, 12.46%, 0, 0, 15, 1335.39, 2794935, 3320
1941, 0, 2715, 4220, 3926, 1484, 12.47%, 0, 0, 15, 1313.89, 2801730, 3322
1946, 0, 2715, 4222, 3928, 1484, 12.47%, 0, 0, 15, 1324.84, 2808400, 3322
1951, 0, 2715, 4223, 3929, 1484, 12.47%, 0, 0, 15, 1354.45, 2815397, 3322
1957, 0, 4135, 4227, 3931, 1485, 12.47%, 0, 0, 16, 875.21, 2819248, 3322
1962, 0, 4135, 4234, 3938, 1485, 12.48%, 0, 0, 16, 954.42, 2823915, 3324
1967, 0, 4135, 4243, 3947, 1485, 12.49%, 0, 0, 16, 1315.97, 2830898, 3328
1972, 0, 4135, 4244, 3948, 1485, 12.49%, 0, 0, 16, 1452.20, 2838582, 3328
1977, 0, 4135, 4253, 3957, 1485, 12.49%, 0, 0, 16, 1469.48, 2845982, 3328
1982, 0, 2882, 4254, 3957, 1487, 12.49%, 0, 0, 16, 1509.75, 2853671, 3328
1987, 0, 3212, 4272, 3972, 1484, 12.55%, 0, 0, 16, 1526.94, 2861793, 3342
1992, 0, 3212, 4307, 4007, 1484, 12.63%, 0, 0, 16, 1462.96, 2869082, 3364
1997, 0, 3212, 4315, 4015, 1484, 12.64%, 0, 0, 16, 1454.19, 2876446, 3366
2003, 0, 3212, 4328, 4028, 1484, 12.64%, 0, 0, 16, 1467.55, 2883874, 3368
2008, 0, 3571, 4331, 4029, 1521, 12.65%, 0, 0, 16, 1574.44, 2891817, 3369
2013, 0, 2834, 4336, 4030, 1518, 12.66%, 0, 0, 16, 1511.65, 2899444, 3371
2018, 0, 2834, 4340, 4034, 1518, 12.66%, 0, 0, 16, 1448.38, 2906680, 3371
2023, 0, 2834, 4350, 4044, 1518, 12.66%, 0, 0, 16, 1400.17, 2913694, 3371
2028, 0, 2834, 4352, 4046, 1518, 12.66%, 0, 0, 16, 1416.67, 2921072, 3371
2033, 0, 2513, 4352, 4043, 1516, 12.66%, 0, 0, 16, 1296.47, 2927778, 3371
2038, 0, 4323, 4356, 4046, 1515, 12.66%, 0, 0, 16, 1056.20, 2933528, 3373
2043, 0, 4323, 4361, 4051, 1515, 12.67%, 0, 0, 16, 1088.53, 2938813, 3374
2048, 0, 4323, 4367, 4057, 1515, 12.67%, 0, 0, 16, 1091.93, 2944294, 3376
2053, 0, 4323, 4370, 4060, 1515, 12.67%, 0, 0, 16, 1161.33, 2950365, 3376
2058, 0, 2411, 4371, 4060, 1520, 12.67%, 0, 0, 16, 1171.66, 2956458, 3376
2063, 0, 2836, 4375, 4062, 1518, 12.67%, 0, 0, 16, 1344.57, 2963408, 3376
2069, 0, 2836, 4382, 4069, 1518, 12.67%, 0, 0, 16, 1351.37, 2970372, 3376
2074, 0, 2836, 4383, 4070, 1518, 12.67%, 0, 0, 16, 1307.62, 2977010, 3376
2079, 0, 2836, 4384, 4071, 1518, 12.67%, 0, 0, 16, 1380.40, 2984212, 3376
2084, 0, 4113, 4384, 4068, 1512, 12.67%, 0, 0, 16, 1277.59, 2990708, 3376
2089, 0, 2803, 4388, 4070, 1510, 12.67%, 0, 0, 16, 1303.04, 2997427, 3376
2094, 0, 2803, 4390, 4072, 1510, 12.67%, 0, 0, 16, 1257.77, 3003641, 3376
2099, 0, 2803, 4395, 4077, 1510, 12.68%, 0, 0, 16, 1309.89, 3010438, 3377
2104, 0, 2803, 4398, 4080, 1510, 12.68%, 0, 0, 16, 1306.48, 3017193, 3377
2109, 0, 4163, 4399, 4079, 1509, 12.68%, 0, 0, 16, 1363.67, 3024186, 3377
2115, 0, 4307, 4399, 4074, 1505, 12.68%, 0, 0, 16, 1435.51, 3031679, 3377
2120, 0, 3881, 4402, 4075, 1503, 12.68%, 0, 0, 16, 1392.17, 3038547, 3377
2125, 0, 4104, 4403, 4073, 1500, 12.68%, 0, 0, 16, 1391.26, 3045531, 3377
2130, 0, 2093, 4405, 4072, 1498, 12.69%, 0, 0, 16, 1380.73, 3052417, 3379
2135, 0, 2551, 4406, 4068, 1493, 12.69%, 0, 0, 16, 1391.25, 3059575, 3379
2140, 0, 2551, 4412, 4074, 1493, 12.69%, 0, 0, 16, 1332.59, 3066166, 3379
2145, 0, 2551, 4417, 4079, 1493, 12.69%, 0, 0, 16, 1340.44, 3072883, 3380
2150, 0, 2551, 4419, 4081, 1493, 12.69%, 0, 0, 16, 1294.00, 3079610, 3380
2155, 0, 797, 4420, 4081, 1494, 12.69%, 0, 0, 16, 1274.54, 3085859, 3380
2160, 0, 4248, 4427, 4087, 1494, 12.72%, 0, 0, 17, 1343.25, 3092746, 3388
2165, 0, 4248, 4429, 4089, 1494, 12.72%, 0, 0, 17, 1349.63, 3099718, 3388
2170, 0, 4248, 4434, 4094, 1494, 12.72%, 0, 0, 17, 1342.23, 3106643, 3389
2176, 0, 4248, 4436, 4096, 1494, 12.72%, 0, 0, 17, 1351.11, 3113703, 3389
2181, 0, 4248, 4444, 4104, 1494, 12.72%, 0, 0, 17, 1322.60, 3120519, 3389
2186, 0, 3713, 4447, 4106, 1494, 12.72%, 0, 0, 17, 1354.67, 3127385, 3389
2191, 0, 4080, 4496, 4154, 1494, 12.86%, 0, 0, 17, 1305.65, 3133941, 3426
2196, 0, 4080, 4516, 4174, 1494, 12.91%, 0, 0, 17, 1320.44, 3140633, 3438
2201, 0, 4080, 4529, 4187, 1494, 12.94%, 0, 0, 17, 1331.52, 3147489, 3447
2206, 0, 4080, 4536, 4194, 1494, 12.95%, 0, 0, 17, 1347.51, 3154476, 3449
2211, 0, 231, 4538, 4192, 1542, 12.95%, 0, 0, 17, 1393.59, 3161589, 3450
2216, 0, 3950, 4544, 4195, 1541, 12.96%, 0, 0, 17, 1351.01, 3168641, 3452
2221, 0, 3950, 4545, 4196, 1541, 12.96%, 0, 0, 17, 1337.87, 3175282, 3452
2227, 0, 3950, 4549, 4200, 1541, 12.96%, 0, 0, 17, 1320.03, 3182200, 3452
2232, 0, 3950, 4550, 4201, 1541, 12.96%, 0, 0, 17, 1342.34, 3189149, 3452
2237, 0, 3950, 4552, 4203, 1541, 12.96%, 0, 0, 17, 1355.93, 3195940, 3452
2242, 0, 3593, 4555, 4205, 1541, 12.96%, 0, 0, 17, 1340.85, 3202936, 3452
2247, 0, 1814, 4557, 4204, 1538, 12.96%, 0, 0, 17, 1360.21, 3209975, 3453
2252, 0, 1814, 4562, 4209, 1538, 12.96%, 0, 0, 17, 1340.50, 3216695, 3453
2257, 0, 1814, 4564, 4211, 1538, 12.96%, 0, 0, 17, 1333.98, 3223547, 3453
2262, 0, 1814, 4567, 4214, 1538, 12.97%, 0, 0, 17, 1318.79, 3230172, 3454
2268, 0, 4368, 4573, 4218, 1538, 12.97%, 0, 0, 17, 1356.99, 3237216, 3455
2273, 0, 4368, 4580, 4225, 1538, 12.97%, 0, 0, 17, 1320.97, 3243911, 3455
2278, 0, 4368, 4583, 4228, 1538, 12.97%, 0, 0, 17, 1295.32, 3250664, 3455
2283, 0, 4368, 4586, 4231, 1538, 12.97%, 0, 0, 17, 1331.44, 3257395, 3455
2288, 0, 1708, 4587, 4230, 1536, 12.97%, 0, 0, 17, 1361.80, 3264171, 3456
2293, 0, 2637, 4610, 4250, 1534, 13.03%, 0, 0, 17, 1366.53, 3271164, 3472
2298, 0, 2637, 4616, 4256, 1534, 13.04%, 0, 0, 17, 1329.25, 3277755, 3474
2303, 0, 2637, 4625, 4265, 1534, 13.04%, 0, 0, 17, 1334.06, 3284422, 3474
2308, 0, 2637, 4629, 4269, 1534, 13.04%, 0, 0, 17, 1309.71, 3290924, 3474
2313, 0, 2844, 4631, 4269, 1546, 13.04%, 0, 0, 17, 1368.87, 3297877, 3474
2318, 0, 3774, 4634, 4268, 1542, 13.04%, 0, 0, 17, 1403.75, 3305166, 3474
2323, 0, 3774, 4643, 4277, 1542, 13.04%, 0, 0, 17, 1362.02, 3311927, 3474
2328, 0, 3774, 4645, 4279, 1542, 13.04%, 0, 0, 17, 1348.24, 3318765, 3474
2334, 0, 3774, 4648, 4282, 1542, 13.05%, 0, 0, 17, 1379.21, 3325975, 3475
2339, 0, 3329, 4652, 4285, 1545, 13.05%, 0, 0, 17, 1388.09, 3332972, 3475
2344, 0, 3329, 4654, 4287, 1545, 13.05%, 0, 0, 17, 1345.18, 3339716, 3475
2349, 0, 3329, 4657, 4290, 1545, 13.05%, 0, 0, 17, 1364.18, 3346777, 3475
2354, 0, 3329, 4658, 4291, 1545, 13.05%, 0, 0, 17, 1336.39, 3353680, 3475
2359, 0, 3880, 4662, 4294, 1544, 13.05%, 0, 0, 17, 1352.61, 3360693, 3476
2364, 0, 3231, 4663, 4294, 1545, 13.05%, 0, 0, 17, 1356.84, 3367724, 3476
2369, 0, 3231, 4667, 4298, 1545, 13.05%, 0, 0, 17, 1342.12, 3374469, 3476
2374, 0, 3231, 4672, 4303, 1545, 13.05%, 0, 0, 17, 1350.58, 3381472, 3477
2380, 0, 3231, 4676, 4307, 1545, 13.05%, 0, 0, 17, 1346.61, 3388286, 3477
2385, 0, 1923, 4682, 4312, 1546, 13.06%, 0, 0, 17, 1448.89, 3395483, 3478
2390, 0, 1923, 4683, 4313, 1546, 13.06%, 0, 0, 17, 1222.71, 3402019, 3478
2395, 0, 1923, 4683, 4313, 1546, 13.06%, 0, 0, 17, 964.43, 3406638, 3478
2400, 0, 1923, 4686, 4316, 1546, 13.07%, 0, 0, 17, 1387.00, 3413845, 3481
2405, 0, 1923, 4686, 4316, 1546, 13.07%, 0, 0, 17, 1717.80, 3422876, 3481
2410, 0, 3926, 4692, 4320, 1544, 13.07%, 0, 0, 17, 1591.03, 3430955, 3481
2415, 0, 3926, 4698, 4326, 1544, 13.07%, 0, 0, 17, 1492.13, 3438362, 3481
2420, 0, 3926, 4709, 4337, 1544, 13.07%, 0, 0, 17, 1495.09, 3445830, 3481
2425, 0, 3926, 4713, 4341, 1544, 13.07%, 0, 0, 17, 1476.76, 3453224, 3481
2430, 0, 3926, 4718, 4346, 1544, 13.07%, 0, 0, 17, 1468.53, 3460625, 3481
2435, 0, 2101, 4723, 4350, 1541, 13.07%, 0, 0, 17, 1480.88, 3468076, 3481
2440, 0, 2101, 4725, 4352, 1541, 13.07%, 0, 0, 17, 1450.50, 3475282, 3482
2445, 0, 2101, 4727, 4354, 1541, 13.07%, 0, 0, 17, 1445.02, 3482573, 3482
2450, 0, 1260, 4728, 4354, 1541, 13.07%, 0, 0, 17, 1498.93, 3490188, 3482
2455, 0, 2946, 4733, 4358, 1540, 13.07%, 0, 0, 17, 1447.66, 3497558, 3482
2460, 0, 2946, 4736, 4361, 1540, 13.07%, 0, 0, 17, 1417.80, 3504684, 3482
2465, 0, 2946, 4738, 4363, 1540, 13.07%, 0, 0, 17, 1256.49, 3510858, 3482
2470, 0, 2946, 4738, 4363, 1540, 13.07%, 0, 0, 17, 1052.94, 3516612, 3482
2476, 0, 2848, 4740, 4363, 1540, 13.07%, 0, 0, 17, 1143.92, 3522166, 3482
2481, 0, 4024, 4744, 4364, 1537, 13.07%, 0, 0, 17, 1392.03, 3529613, 3482
2486, 0, 4604, 4745, 4363, 1535, 13.07%, 0, 0, 17, 1348.69, 3536282, 3482
2491, 0, 4150, 4747, 4362, 1533, 13.07%, 0, 0, 17, 1388.93, 3543499, 3482
2496, 0, 4298, 4749, 4361, 1531, 13.07%, 0, 0, 17, 1406.25, 3550545, 3482
2501, 0, 1396, 4749, 4355, 1525, 13.07%, 0, 0, 17, 1440.87, 3558078, 3482
2506, 0, 2508, 4750, 4353, 1522, 13.07%, 0, 0, 17, 1407.13, 3565050, 3482
2511, 0, 4688, 4758, 4360, 1521, 13.07%, 0, 0, 17, 1357.62, 3572098, 3482
2516, 0, 4688, 4765, 4367, 1521, 13.08%, 0, 0, 17, 1350.83, 3578883, 3485
2522, 0, 4688, 4765, 4367, 1521, 13.08%, 0, 0, 17, 1348.19, 3585903, 3485
2527, 0, 4688, 4769, 4371, 1521, 13.08%, 0, 0, 17, 1355.82, 3592735, 3485
2532, 0, 4688, 4773, 4375, 1521, 13.08%, 0, 0, 17, 1335.98, 3599371, 3485
2537, 0, 3653, 4793, 4394, 1517, 13.12%, 0, 0, 17, 1454.87, 3607007, 3494
2542, 0, 3653, 4797, 4398, 1517, 13.14%, 0, 0, 17, 1508.31, 3614804, 3500
2547, 0, 3653, 4798, 4399, 1517, 13.14%, 0, 0, 17, 1503.16, 3622326, 3500
2552, 0, 3653, 4801, 4402, 1517, 13.15%, 0, 0, 17, 1487.04, 3629800, 3503
2557, 0, 3135, 4802, 4402, 1527, 13.15%, 0, 0, 17, 1452.41, 3637419, 3503
2562, 0, 4763, 4843, 4442, 1526, 13.26%, 0, 0, 17, 1400.57, 3644379, 3533
2567, 0, 4763, 4869, 4468, 1526, 13.33%, 0, 0, 17, 1362.76, 3651206, 3551
2572, 0, 4763, 4877, 4476, 1526, 13.35%, 0, 0, 17, 1369.91, 3658066, 3555
2577, 0, 4763, 4886, 4485, 1526, 13.35%, 0, 0, 17, 1362.28, 3664906, 3557
2582, 0, 4763, 4894, 4493, 1526, 13.36%, 0, 0, 17, 1355.82, 3671739, 3558
2587, 0, 1761, 4895, 4490, 1572, 13.36%, 0, 0, 17, 1451.45, 3679504, 3560
2593, 0, 2473, 4899, 4492, 1570, 13.36%, 0, 0, 17, 1381.85, 3686706, 3560
2598, 0, 2473, 4901, 4494, 1570, 13.36%, 0, 0, 17, 1373.22, 3693848, 3560
2603, 0, 2473, 4903, 4496, 1570, 13.36%, 0, 0, 17, 1364.89, 3700963, 3560
2608, 0, 3186, 4907, 4499, 1570, 13.37%, 0, 0, 17, 1394.90, 3707948, 3561
2613, 0, 3312, 4908, 4498, 1568, 13.37%, 0, 0, 17, 1441.69, 3715212, 3561
2618, 0, 2538, 4909, 4496, 1565, 13.37%, 0, 0, 17, 1417.76, 3722353, 3561
2623, 0, 4503, 4915, 4499, 1562, 13.37%, 0, 0, 17, 1417.22, 3729789, 3562
2628, 0, 4503, 4929, 4513, 1562, 13.38%, 0, 0, 17, 1402.85, 3736831, 3564
2634, 0, 4503, 4939, 4523, 1562, 13.39%, 0, 0, 17, 1392.94, 3744019, 3567
2639, 0, 4503, 4945, 4529, 1562, 13.39%, 0, 0, 17, 1382.72, 3750946, 3568
2644, 0, 3805, 4947, 4529, 1567, 13.39%, 0, 0, 17, 1430.37, 3758336, 3568
2649, 0, 2861, 4948, 4525, 1563, 13.39%, 0, 0, 17, 1443.14, 3765873, 3568
2654, 0, 2245, 4950, 4522, 1558, 13.39%, 0, 0, 17, 1436.59, 3773166, 3568
2659, 0, 3991, 4951, 4519, 1554, 13.39%, 0, 0, 17, 1470.89, 3780806, 3568
2664, 0, 4489, 4952, 4519, 1553, 13.39%, 0, 0, 17, 1454.34, 3788250, 3568
2669, 0, 4713, 4953, 4513, 1546, 13.39%, 0, 0, 17, 1442.08, 3795808, 3568
2674, 0, 2466, 4956, 4515, 1545, 13.39%, 0, 0, 17, 1419.08, 3802919, 3568
2680, 0, 2466, 4958, 4517, 1545, 13.39%, 0, 0, 17, 1370.86, 3809795, 3568
2685, 0, 2466, 4959, 4518, 1545, 13.39%, 0, 0, 17, 1382.73, 3817011, 3568
2690, 0, 2466, 4959, 4518, 1545, 13.39%, 0, 0, 17, 1359.60, 3823943, 3568
2695, 0, 2123, 4961, 4515, 1541, 13.39%, 0, 0, 17, 1436.65, 3831638, 3568
2700, 0, 2536, 4962, 4513, 1540, 13.39%, 0, 0, 17, 1455.88, 3839033, 3568
2705, 0, 3654, 4967, 4516, 1538, 13.39%, 0, 0, 17, 1465.10, 3846565, 3568
2711, 0, 3654, 4969, 4518, 1538, 13.39%, 0, 0, 17, 1502.41, 3854409, 3568
2716, 0, 3654, 4970, 4519, 1538, 13.41%, 0, 0, 17, 1534.55, 3862396, 3572
2721, 0, 3654, 4971, 4520, 1538, 13.41%, 0, 0, 17, 1540.46, 3870131, 3572
2726, 0, 4045, 4974, 4519, 1536, 13.41%, 0, 0, 17, 1459.99, 3877323, 3572
2731, 0, 4045, 4979, 4524, 1536, 13.41%, 0, 0, 17, 1432.35, 3884708, 3572
2736, 0, 4045, 4980, 4525, 1536, 13.41%, 0, 0, 17, 1376.81, 3891809, 3572
2741, 0, 4045, 4983, 4528, 1536, 13.41%, 0, 0, 17, 1367.40, 3898904, 3572
2747, 0, 1102, 4988, 4531, 1535, 13.41%, 0, 0, 17, 1452.64, 3906476, 3572
2752, 0, 1102, 4991, 4534, 1535, 13.42%, 0, 0, 17, 1398.70, 3913378, 3574
2757, 0, 1102, 4991, 4534, 1535, 13.42%, 0, 0, 17, 1390.30, 3920587, 3574
2762, 0, 3468, 4994, 4535, 1535, 13.43%, 0, 0, 17, 1409.25, 3927733, 3577
2767, 0, 3468, 4997, 4538, 1535, 13.43%, 0, 0, 17, 1393.86, 3934669, 3577
2772, 0, 3468, 4999, 4540, 1535, 13.43%, 0, 0, 17, 1367.67, 3941568, 3577
2777, 0, 3468, 5000, 4541, 1535, 13.43%, 0, 0, 17, 988.53, 3946595, 3577
2782, 0, 3468, 5003, 4544, 1535, 13.43%, 0, 0, 17, 859.73, 3950552, 3577
2787, 0, 2799, 5006, 4546, 1535, 13.43%, 0, 0, 17, 1213.29, 3956678, 3577
2792, 0, 321, 5012, 4551, 1534, 13.43%, 0, 0, 17, 1572.81, 3965172, 3578
2797, 0, 321, 5014, 4553, 1534, 13.43%, 0, 0, 17, 1678.54, 3973716, 3578
2802, 0, 321, 5015, 4554, 1534, 13.43%, 0, 0, 17, 1697.76, 3982267, 3578
2807, 0, 2457, 5017, 4552, 1532, 13.43%, 0, 0, 17, 1617.50, 3990637, 3578
2812, 0, 2110, 5020, 4551, 1528, 13.43%, 0, 0, 17, 1569.59, 3998542, 3578
2817, 0, 2276, 5023, 4553, 1527, 13.43%, 0, 0, 17, 1552.38, 4006294, 3578
2822, 0, 4042, 5028, 4556, 1526, 13.43%, 0, 0, 17, 1568.45, 4014244, 3578
2827, 0, 4042, 5034, 4562, 1526, 13.43%, 0, 0, 17, 1553.83, 4022098, 3578
2832, 0, 4042, 5034, 4562, 1526, 13.43%, 0, 0, 17, 1545.13, 4029808, 3578
2838, 0, 4042, 5035, 4563, 1526, 13.43%, 0, 0, 17, 1280.13, 4036355, 3578
2843, 0, 1415, 5037, 4563, 1524, 13.43%, 0, 0, 17, 1051.53, 4042162, 3578
2848, 0, 4017, 5039, 4564, 1523, 13.43%, 0, 0, 17, 1129.52, 4047653, 3578
2853, 0, 3328, 5043, 4566, 1522, 13.44%, 0, 0, 17, 1294.68, 4054651, 3580
2858, 0, 4905, 5044, 4563, 1518, 13.44%, 0, 0, 17, 1162.90, 4060402, 3580
2863, 0, 1583, 5045, 4560, 1514, 13.44%, 0, 0, 17, 1294.81, 4067193, 3580
2868, 0, 3015, 5046, 4558, 1512, 13.44%, 0, 0, 17, 1364.51, 4074303, 3581
2874, 0, 3788, 5052, 4561, 1509, 13.44%, 0, 0, 17, 1367.84, 4081412, 3581
2879, 0, 3788, 5054, 4563, 1509, 13.44%, 0, 0, 17, 1385.11, 4088608, 3581
2884, 0, 3788, 5058, 4567, 1509, 13.44%, 0, 0, 17, 1386.77, 4095548, 3581
2889, 0, 3788, 5058, 4567, 1509, 13.44%, 0, 0, 17, 1361.30, 4102595, 3581
2894, 0, 4502, 5061, 4568, 1507, 13.44%, 0, 0, 17, 1380.41, 4109729, 3581
2899, 0, 4502, 5069, 4576, 1507, 13.45%, 0, 0, 17, 1362.83, 4116589, 3582
2904, 0, 4502, 5083, 4590, 1507, 13.45%, 0, 0, 17, 1351.06, 4123591, 3582
2910, 0, 4502, 5088, 4595, 1507, 13.45%, 0, 0, 17, 1331.00, 4130464, 3582
2915, 0, 3494, 5091, 4595, 1507, 13.45%, 0, 0, 17, 1406.56, 4137581, 3583
2920, 0, 3494, 5097, 4601, 1507, 13.45%, 0, 0, 17, 1367.24, 4144411, 3583
2925, 0, 3494, 5101, 4605, 1507, 13.45%, 0, 0, 17, 1364.63, 4151459, 3583
2930, 0, 3494, 5102, 4606, 1507, 13.45%, 0, 0, 17, 1350.92, 4158243, 3583
2935, 0, 3494, 5104, 4608, 1507, 13.45%, 0, 0, 17, 1364.83, 4165115, 3583
2940, 0, 3685, 5105, 4607, 1506, 13.45%, 0, 0, 17, 1402.09, 4172321, 3583
2945, 0, 3025, 5112, 4611, 1504, 13.47%, 0, 0, 17, 1318.44, 4179175, 3587
2950, 0, 4939, 5118, 4616, 1503, 13.47%, 0, 0, 17, 1240.59, 4185307, 3588
2955, 0, 4939, 5120, 4618, 1503, 13.47%, 0, 0, 17, 1255.17, 4191526, 3588
2960, 0, 4939, 5123, 4621, 1503, 13.47%, 0, 0, 17, 1313.55, 4198343, 3588
2966, 0, 4939, 5127, 4625, 1503, 13.48%, 0, 0, 17, 1344.91, 4205053, 3590
2971, 0, 4806, 5135, 4632, 1506, 13.49%, 0, 0, 18, 1319.11, 4211983, 3592
2976, 0, 4806, 5142, 4639, 1506, 13.49%, 0, 0, 18, 1338.26, 4218688, 3593
2981, 0, 4806, 5150, 4647, 1506, 13.50%, 0, 0, 18, 1357.12, 4225456, 3595
2986, 0, 4806, 5157, 4654, 1506, 13.50%, 0, 0, 18, 1270.53, 4232047, 3595
2991, 0, 4806, 5161, 4658, 1506, 13.50%, 0, 0, 18, 1311.43, 4238607, 3595
2996, 0, 1989, 5166, 4661, 1508, 13.50%, 0, 0, 18, 1366.64, 4245802, 3595
3001, 0, 1989, 5166, 4661, 1508, 13.50%, 0, 0, 18, 1363.67, 4252741, 3595
3006, 0, 1989, 5169, 4664, 1508, 13.50%, 0, 0, 18, 1014.93, 4257589, 3595
3011, 0, 1989, 5169, 4664, 1508, 13.50%, 0, 0, 18, 1101.00, 4262977, 3595
3017, 0, 1989, 5169, 4664, 1508, 13.50%, 0, 0, 18, 1262.79, 4269499, 3595
3022, 0, 3264, 5175, 4669, 1507, 13.50%, 0, 0, 18, 998.88, 4274737, 3595
3027, 0, 3264, 5178, 4672, 1507, 13.50%, 0, 0, 18, 877.92, 4279873, 3596
3032, 0, 3264, 5180, 4674, 1507, 13.50%, 0, 0, 18, 950.25, 4285126, 3596
3037, 0, 3264, 5181, 4675, 1507, 13.50%, 0, 0, 18, 921.75, 4289687, 3596
3042, 0, 3264, 5183, 4677, 1507, 13.50%, 0, 0, 18, 1093.25, 4295371, 3597
3047, 0, 4757, 5189, 4680, 1506, 13.50%, 0, 0, 18, 1251.30, 4302063, 3597
3052, 0, 4757, 5191, 4682, 1506, 13.50%, 0, 0, 18, 1353.93, 4309195, 3597
3057, 0, 4757, 5193, 4684, 1506, 13.50%, 0, 0, 18, 1358.00, 4316256, 3597
3062, 0, 4757, 5196, 4687, 1506, 13.50%, 0, 0, 18, 1355.98, 4323108, 3597
3067, 0, 4757, 5201, 4692, 1506, 13.50%, 0, 0, 18, 1389.62, 4330204, 3597
3073, 0, 2913, 5203, 4693, 1507, 13.50%, 0, 0, 18, 1409.33, 4337524, 3597
3078, 0, 4659, 5207, 4696, 1506, 13.50%, 0, 0, 18, 1411.21, 4344882, 3597
3083, 0, 4659, 5208, 4697, 1506, 13.50%, 0, 0, 18, 1389.47, 4352054, 3597
3088, 0, 4659, 5209, 4698, 1506, 13.50%, 0, 0, 18, 1319.92, 4358649, 3597
3093, 0, 4659, 5211, 4700, 1506, 13.50%, 0, 0, 18, 1337.25, 4365298, 3597
3098, 0, 4659, 5213, 4702, 1506, 13.50%, 0, 0, 18, 1365.80, 4372417, 3597
3103, 0, 3938, 5218, 4705, 1504, 13.50%, 0, 0, 18, 1354.92, 4379502, 3597
3109, 0, 3938, 5220, 4707, 1504, 13.50%, 0, 0, 18, 1306.86, 4386381, 3597
3114, 0, 3938, 5222, 4709, 1504, 13.50%, 0, 0, 18, 1354.03, 4393516, 3597
3119, 0, 3938, 5223, 4710, 1504, 13.50%, 0, 0, 18, 1337.65, 4400255, 3597
3124, 0, 3938, 5223, 4710, 1504, 13.50%, 0, 0, 18, 1314.43, 4407093, 3597
3129, 0, 1208, 5223, 4708, 1501, 13.50%, 0, 0, 18, 1420.32, 4414378, 3597
3134, 0, 2587, 5267, 4751, 1500, 13.62%, 0, 0, 18, 1364.47, 4421460, 3627
3139, 0, 2587, 5287, 4771, 1500, 13.66%, 0, 0, 18, 1380.01, 4428377, 3638
3144, 0, 2587, 5296, 4780, 1500, 13.66%, 0, 0, 18, 1372.01, 4435298, 3639
3150, 0, 2587, 5306, 4790, 1500, 13.67%, 0, 0, 18, 1369.27, 4442388, 3641
3155, 0, 4235, 5312, 4795, 1543, 13.67%, 0, 0, 18, 1073.12, 4448007, 3642
3160, 0, 4235, 5313, 4796, 1543, 13.67%, 0, 0, 18, 837.73, 4451892, 3642
3165, 0, 4235, 5316, 4799, 1543, 13.67%, 0, 0, 18, 1163.20, 4457805, 3642
3170, 0, 4235, 5317, 4800, 1543, 13.67%, 0, 0, 18, 1304.00, 4464715, 3642
3175, 0, 4235, 5319, 4802, 1543, 13.67%, 0, 0, 18, 1479.30, 4472565, 3642
3180, 0, 5228, 5319, 4801, 1543, 13.67%, 0, 0, 18, 1551.27, 4480339, 3642
3185, 0, 4421, 5327, 4807, 1542, 13.67%, 0, 0, 18, 1594.04, 4488429, 3642
3190, 0, 4421, 5332, 4812, 1542, 13.67%, 0, 0, 18, 1593.84, 4496542, 3642
3195, 0, 4421, 5337, 4817, 1542, 13.68%, 0, 0, 18, 1581.59, 4504464, 3645
3200, 0, 4421, 5338, 4818, 1542, 13.68%, 0, 0, 18, 1598.99, 4512469, 3645
3205, 0, 1670, 5341, 4819, 1542, 13.68%, 0, 0, 18, 1614.67, 4520649, 3645
3210, 0, 1670, 5344, 4822, 1542, 13.68%, 0, 0, 18, 1527.32, 4528212, 3645
3215, 0, 4166, 5344, 4818, 1539, 13.68%, 0, 0, 18, 1602.42, 4536458, 3645
3221, 0, 2594, 5352, 4825, 1538, 13.68%, 0, 0, 18, 1555.72, 4544463, 3645
3226, 0, 2594, 5354, 4827, 1538, 13.68%, 0, 0, 18, 1513.72, 4552016, 3645
3231, 0, 2594, 5357, 4830, 1538, 13.68%, 0, 0, 18, 1507.38, 4559687, 3645
3236, 0, 2954, 5363, 4834, 1537, 13.68%, 0, 0, 18, 1559.26, 4567617, 3645
3241, 0, 2954, 5365, 4836, 1537, 13.68%, 0, 0, 18, 1446.03, 4574716, 3645
3246, 0, 2954, 5366, 4837, 1537, 13.68%, 0, 0, 18, 1035.05, 4579823, 3645
3251, 0, 2954, 5367, 4838, 1537, 13.68%, 0, 0, 18, 1344.20, 4586820, 3645
3256, 0, 4048, 5369, 4839, 1537, 13.68%, 0, 0, 18, 1438.60, 4594362, 3645
3261, 0, 4640, 5377, 4844, 1535, 13.68%, 0, 0, 18, 1418.19, 4601790, 3645
3266, 0, 4640, 5379, 4846, 1535, 13.68%, 0, 0, 18, 1419.48, 4608972, 3645
3272, 0, 4640, 5380, 4847, 1535, 13.68%, 0, 0, 18, 1433.59, 4616455, 3645
3277, 0, 4640, 5380, 4847, 1535, 13.68%, 0, 0, 18, 1433.21, 4623631, 3645
3282, 0, 3715, 5384, 4850, 1535, 13.68%, 0, 0, 18, 1416.85, 4630749, 3645
3287, 0, 3715, 5386, 4852, 1535, 13.68%, 0, 0, 18, 1415.35, 4637847, 3645
3292, 0, 3715, 5386, 4852, 1535, 13.68%, 0, 0, 18, 1418.73, 4645043, 3645
3297, 0, 3272, 5386, 4850, 1534, 13.68%, 0, 0, 18, 1452.77, 4652567, 3645
3302, 0, 2020, 5389, 4852, 1533, 13.69%, 0, 0, 18, 1409.39, 4659650, 3646
3307, 0, 5118, 5396, 4858, 1533, 13.71%, 0, 0, 18, 1421.46, 4666845, 3651
3312, 0, 5118, 5400, 4862, 1533, 13.71%, 0, 0, 18, 1392.38, 4673798, 3652
3317, 0, 5118, 5401, 4863, 1533, 13.71%, 0, 0, 18, 1400.60, 4681076, 3652
3322, 0, 5118, 5401, 4863, 1533, 13.71%, 0, 0, 18, 1412.03, 4688368, 3652
3327, 0, 3445, 5403, 4861, 1536, 13.71%, 0, 0, 18, 1435.84, 4695629, 3652
3332, 0, 1152, 5404, 4859, 1533, 13.71%, 0, 0, 18, 1462.60, 4702961, 3652
3337, 0, 4102, 5409, 4860, 1530, 13.72%, 0, 0, 18, 1455.17, 4710343, 3654
3342, 0, 4102, 5412, 4863, 1530, 13.72%, 0, 0, 18, 1453.81, 4717701, 3654
3348, 0, 4102, 5415, 4866, 1530, 13.72%, 0, 0, 18, 1453.59, 4725210, 3654
3353, 0, 4102, 5416, 4867, 1530, 13.72%, 0, 0, 18, 1467.70, 4732664, 3654
3358, 0, 3944, 5417, 4865, 1528, 13.72%, 0, 0, 18, 1477.50, 4740336, 3654
3363, 0, 1392, 5419, 4865, 1526, 13.72%, 0, 0, 18, 1472.15, 4747628, 3655
3368, 0, 2385, 5426, 4871, 1526, 13.74%, 0, 0, 18, 1551.91, 4755664, 3659
3373, 0, 2385, 5428, 4873, 1526, 13.74%, 0, 0, 18, 1534.54, 4763666, 3659
3378, 0, 2385, 5430, 4875, 1526, 13.74%, 0, 0, 18, 1559.93, 4771533, 3661
3384, 0, 5388, 5443, 4887, 1528, 13.77%, 0, 0, 18, 1462.33, 4779111, 3667
3389, 0, 5388, 5449, 4893, 1528, 13.77%, 0, 0, 18, 1405.83, 4786115, 3668
3394, 0, 5388, 5452, 4896, 1528, 13.77%, 0, 0, 18, 1405.37, 4793360, 3669
3399, 0, 5388, 5453, 4897, 1528, 13.77%, 0, 0, 18, 1423.99, 4800451, 3669
3404, 0, 4176, 5454, 4893, 1533, 13.77%, 0, 0, 18, 1474.45, 4808292, 3669
3409, 0, 4720, 5454, 4891, 1532, 13.77%, 0, 0, 18, 1448.97, 4815585, 3669
3414, 0, 2688, 5455, 4887, 1527, 13.77%, 0, 0, 18, 1439.52, 4822802, 3669
3419, 0, 4281, 5462, 4889, 1523, 13.79%, 0, 0, 18, 1451.41, 4830269, 3672
3424, 0, 4281, 5466, 4893, 1523, 13.79%, 0, 0, 18, 1367.50, 4837166, 3672
3429, 0, 4281, 5466, 4893, 1523, 13.79%, 0, 0, 18, 1281.28, 4843321, 3672
3434, 0, 4281, 5467, 4894, 1523, 13.79%, 0, 0, 18, 1358.15, 4850489, 3672
3440, 0, 4748, 5471, 4897, 1523, 13.79%, 0, 0, 18, 1407.21, 4857908, 3672
3445, 0, 4851, 5473, 4897, 1521, 13.79%, 0, 0, 18, 1425.75, 4865346, 3673
3450, 0, 1092, 5518, 4941, 1521, 13.91%, 0, 0, 18, 1412.24, 4872751, 3706
3455, 0, 1092, 5554, 4977, 1521, 14.01%, 0, 0, 18, 1401.69, 4879938, 3733
3460, 0, 1092, 5581, 5004, 1521, 14.09%, 0, 0, 18, 1399.55, 4887248, 3752
3465, 0, 1092, 5601, 5024, 1521, 14.13%, 0, 0, 18, 1403.97, 4894276, 3764
3470, 0, 1092, 5614, 5037, 1521, 14.16%, 0, 0, 18, 1419.04, 4901395, 3771
3475, 0, 3313, 5619, 5036, 1607, 14.16%, 0, 0, 18, 1514.16, 4909030, 3773
3480, 0, 5426, 5621, 5036, 1606, 14.17%, 0, 0, 18, 1533.90, 4916661, 3774
3485, 0, 3322, 5630, 5044, 1605, 14.18%, 0, 0, 18, 1440.69, 4923800, 3776
3491, 0, 3322, 5638, 5052, 1605, 14.18%, 0, 0, 18, 1425.55, 4931196, 3777
3496, 0, 3322, 5644, 5058, 1605, 14.20%, 0, 0, 18, 1406.73, 4938266, 3782
3501, 0, 1266, 5646, 5058, 1605, 14.20%, 0, 0, 18, 1457.82, 4945609, 3782
3506, 0, 5149, 5651, 5061, 1603, 14.20%, 0, 0, 19, 1440.92, 4953112, 3782
3511, 0, 5149, 5657, 5067, 1603, 14.24%, 0, 0, 19, 1425.01, 4960322, 3792
3516, 0, 5149, 5662, 5072, 1603, 14.24%, 0, 0, 19, 1424.79, 4967525, 3792
3521, 0, 5149, 5663, 5073, 1603, 14.24%, 0, 0, 19, 1416.61, 4974588, 3792
3526, 0, 5149, 5665, 5075, 1603, 14.24%, 0, 0, 19, 1411.21, 4981658, 3792
3531, 0, 1254, 5667, 5074, 1602, 14.24%, 0, 0, 19, 1465.19, 4989101, 3792
3536, 0, 1364, 5670, 5075, 1600, 14.24%, 0, 0, 19, 1442.31, 4996353, 3792
3541, 0, 5653, 5673, 5076, 1598, 14.28%, 0, 0, 20, 1439.21, 5003811, 3804
3546, 0, 5653, 5676, 5079, 1598, 14.31%, 0, 0, 20, 1471.95, 5011277, 3813
3551, 0, 5653, 5677, 5080, 1598, 14.32%, 0, 0, 20, 1469.01, 5018650, 3814
3556, 0, 5653, 5680, 5083, 1598, 14.33%, 0, 0, 20, 1459.13, 5026008, 3816
3561, 0, 5653, 5681, 5084, 1598, 14.33%, 0, 0, 20, 1486.53, 5033526, 3817
3566, 0, 4512, 5684, 5086, 1606, 14.33%, 0, 0, 20, 1442.11, 5040798, 3817
3572, 0, 2327, 5687, 5088, 1606, 14.33%, 0, 0, 20, 1416.97, 5048189, 3817
3577, 0, 5607, 5700, 5099, 1603, 14.36%, 0, 0, 20, 1452.74, 5055599, 3825
3582, 0, 5607, 5711, 5110, 1603, 14.36%, 0, 0, 20, 1413.63, 5062958, 3826
3587, 0, 5607, 5726, 5125, 1603, 14.38%, 0, 0, 20, 1385.55, 5070168, 3831
3592, 0, 5607, 5729, 5128, 1603, 14.38%, 0, 0, 20, 1418.97, 5077448, 3831
3597, 0, 5607, 5736, 5135, 1603, 14.39%, 0, 0, 20, 1425.19, 5084609, 3833
3602, 0, 5525, 5737, 5132, 1614, 14.39%, 0, 0, 20, 1457.21, 5092199, 3833
3607, 0, 2567, 5742, 5136, 1613, 14.39%, 0, 0, 20, 1432.45, 5099391, 3833
3613, 0, 2567, 5742, 5136, 1613, 14.39%, 0, 0, 20, 1315.08, 5106185, 3833
3618, 0, 2567, 5742, 5136, 1613, 14.39%, 0, 0, 20, 1341.76, 5113257, 3833
3623, 0, 2476, 5745, 5138, 1613, 14.39%, 0, 0, 20, 1411.36, 5120586, 3833
3628, 0, 5679, 5750, 5140, 1611, 14.44%, 0, 0, 21, 1466.02, 5128238, 3847
3633, 0, 5679, 5753, 5143, 1611, 14.47%, 0, 0, 21, 1406.95, 5135232, 3855
3633, 0, 5679, 5753, 5143, 1611, 14.47%, 0, 0, 21, 1394.21, 5135579, 3855
