# relative_time, cycles_done, cur_item, corpus_count, pending_total, pending_favs, map_size, saved_crashes, saved_hangs, max_depth, execs_per_sec, total_execs, edges_found
61, 0, 288, 385, 380, 137, 2.67%, 0, 2, 3, 1293.75, 75616, 1313
66, 0, 288, 395, 390, 137, 2.67%, 0, 2, 3, 1286.97, 82045, 1316
71, 0, 288, 413, 408, 137, 2.68%, 0, 2, 3, 1267.72, 88371, 1320
76, 0, 288, 422, 417, 137, 2.69%, 0, 2, 3, 1264.75, 94734, 1326
81, 0, 275, 435, 428, 152, 2.71%, 0, 2, 3, 1281.52, 101236, 1332
86, 0, 275, 449, 442, 152, 2.73%, 0, 2, 3, 1273.64, 107634, 1346
91, 0, 275, 457, 450, 152, 2.74%, 0, 2, 3, 1282.70, 114040, 1349
96, 0, 275, 471, 464, 152, 2.76%, 0, 2, 3, 1256.14, 120389, 1361
101, 0, 376, 489, 481, 163, 2.78%, 0, 2, 4, 1272.95, 126775, 1368
106, 0, 376, 509, 501, 163, 2.79%, 0, 2, 4, 1276.14, 133376, 1376
111, 0, 376, 519, 511, 163, 2.80%, 0, 2, 4, 1265.93, 139846, 1380
116, 0, 376, 528, 520, 163, 2.81%, 0, 2, 4, 1279.81, 146484, 1384
122, 0, 465, 534, 522, 167, 2.81%, 0, 3, 4, 68.56, 152227, 1384
128, 0, 465, 537, 525, 167, 2.81%, 0, 7, 4, 146.73, 153991, 1384
133, 0, 465, 543, 531, 167, 2.81%, 0, 9, 4, 1239.84, 156786, 1385
138, 0, 465, 549, 537, 167, 2.82%, 0, 9, 4, 1198.93, 161654, 1387
143, 0, 465, 551, 539, 167, 2.82%, 0, 10, 4, 1218.02, 166086, 1387
148, 0, 465, 556, 544, 167, 2.82%, 0, 10, 4, 1189.24, 171966, 1387
153, 0, 465, 560, 548, 167, 2.82%, 0, 10, 4, 1205.54, 178135, 1387
158, 0, 465, 565, 553, 167, 2.83%, 0, 11, 4, 1129.92, 182529, 1393
163, 0, 538, 568, 553, 173, 2.83%, 0, 11, 5, 1219.17, 188700, 1394
169, 0, 538, 572, 557, 173, 2.84%, 0, 13, 5, 84.65, 192148, 1396
174, 0, 538, 573, 558, 173, 2.84%, 0, 14, 5, 1117.31, 196924, 1396
179, 0, 538, 575, 560, 173, 2.84%, 0, 14, 5, 1211.69, 201905, 1397
184, 0, 538, 576, 561, 173, 2.84%, 0, 15, 5, 1169.37, 206698, 1397
189, 0, 192, 583, 565, 178, 2.85%, 0, 15, 5, 1188.78, 212963, 1405
194, 0, 372, 589, 569, 178, 2.85%, 0, 15, 5, 1202.01, 218947, 1405
199, 0, 372, 597, 577, 178, 2.86%, 0, 15, 5, 1252.06, 225483, 1407
204, 0, 372, 602, 582, 178, 2.87%, 0, 15, 5, 1267.24, 231858, 1411
209, 0, 372, 605, 585, 178, 2.87%, 0, 15, 5, 1263.11, 238204, 1412
214, 0, 372, 615, 595, 178, 2.87%, 0, 15, 5, 1276.05, 244624, 1412
219, 0, 547, 618, 597, 181, 2.87%, 0, 15, 5, 1236.25, 250844, 1412
225, 0, 392, 625, 602, 180, 2.88%, 0, 15, 5, 1277.66, 257559, 1416
230, 0, 392, 630, 607, 180, 2.89%, 0, 15, 5, 1275.18, 264019, 1424
235, 0, 392, 633, 610, 180, 2.89%, 0, 15, 5, 1291.15, 270515, 1425
240, 0, 392, 635, 612, 180, 2.90%, 0, 15, 5, 1301.03, 277035, 1426
245, 0, 392, 637, 614, 180, 2.90%, 0, 15, 5, 1291.89, 283543, 1426
250, 0, 86, 638, 611, 183, 2.90%, 0, 15, 5, 1267.86, 290147, 1428
255, 0, 568, 643, 614, 181, 2.91%, 0, 15, 6, 1242.85, 296395, 1431
260, 0, 568, 644, 615, 181, 2.91%, 0, 15, 6, 1268.30, 302765, 1432
265, 0, 568, 648, 619, 181, 2.91%, 0, 15, 6, 1303.78, 309570, 1432
271, 0, 568, 648, 619, 181, 2.91%, 0, 16, 6, 191.02, 315619, 1432
276, 0, 568, 648, 619, 181, 2.91%, 0, 16, 6, 1309.62, 322129, 1432
281, 0, 576, 650, 618, 181, 2.91%, 0, 16, 6, 1304.62, 327729, 1432
286, 0, 647, 655, 622, 180, 2.91%, 0, 16, 6, 1316.28, 334354, 1432
291, 0, 284, 664, 630, 179, 2.92%, 0, 17, 6, 1306.10, 339461, 1439
296, 0, 284, 667, 633, 179, 2.92%, 0, 18, 6, 187.77, 344494, 1440
301, 0, 284, 669, 635, 179, 2.93%, 0, 18, 6, 1287.84, 350958, 1442
306, 0, 284, 670, 636, 179, 2.93%, 0, 18, 6, 1278.49, 357340, 1443
312, 0, 284, 672, 638, 179, 2.93%, 0, 18, 6, 1237.99, 363579, 1444
317, 0, 284, 672, 638, 179, 2.93%, 0, 18, 6, 799.21, 367056, 1444
322, 0, 346, 679, 644, 186, 2.94%, 0, 18, 6, 872.23, 371287, 1448
327, 0, 346, 683, 648, 186, 2.94%, 0, 18, 6, 1237.53, 377907, 1449
332, 0, 346, 686, 651, 186, 2.95%, 0, 18, 6, 1335.35, 384980, 1453
337, 0, 346, 688, 653, 186, 2.95%, 0, 18, 6, 1190.95, 390859, 1454
342, 0, 634, 688, 652, 189, 2.95%, 0, 18, 6, 856.61, 395084, 1454
347, 0, 114, 691, 650, 185, 2.95%, 0, 18, 6, 1213.84, 401832, 1454
353, 0, 627, 694, 651, 184, 2.95%, 0, 18, 6, 1277.90, 408554, 1454
358, 0, 643, 697, 648, 180, 2.96%, 0, 18, 7, 1272.08, 415214, 1456
363, 0, 696, 701, 649, 180, 2.98%, 0, 18, 8, 1178.87, 421180, 1467
368, 0, 429, 702, 646, 177, 2.98%, 0, 18, 8, 1261.39, 427851, 1468
373, 0, 153, 707, 650, 176, 2.98%, 0, 18, 8, 1238.66, 434310, 1468
379, 0, 153, 710, 653, 176, 2.98%, 0, 18, 8, 1261.91, 440861, 1469
384, 0, 153, 712, 655, 176, 2.99%, 0, 19, 8, 1266.63, 445701, 1471
389, 0, 153, 715, 658, 176, 2.99%, 0, 19, 8, 1276.05, 452147, 1471
394, 0, 153, 719, 662, 176, 2.99%, 0, 19, 8, 1279.05, 458575, 1471
399, 0, 644, 719, 658, 173, 2.99%, 0, 19, 8, 1269.64, 464929, 1471
404, 0, 605, 725, 660, 169, 2.99%, 0, 19, 8, 1278.91, 471461, 1471
409, 0, 605, 730, 665, 169, 2.99%, 0, 19, 8, 1269.27, 477846, 1472
414, 0, 605, 735, 670, 169, 3.00%, 0, 19, 8, 1264.12, 484281, 1476
419, 0, 605, 738, 673, 169, 3.00%, 0, 19, 8, 1265.74, 490702, 1477
424, 0, 638, 740, 673, 172, 3.00%, 0, 19, 8, 1280.22, 497168, 1477
429, 0, 650, 741, 670, 167, 3.00%, 0, 19, 8, 1291.54, 503637, 1477
434, 0, 728, 749, 677, 166, 3.01%, 0, 19, 8, 1266.88, 510003, 1481
439, 0, 728, 755, 683, 166, 3.01%, 0, 19, 8, 1284.45, 516495, 1481
444, 0, 728, 761, 689, 166, 3.01%, 0, 19, 8, 1280.24, 522887, 1483
449, 0, 728, 765, 693, 166, 3.02%, 0, 19, 8, 1264.06, 529196, 1488
454, 0, 321, 769, 693, 168, 3.03%, 0, 19, 8, 1313.09, 536062, 1490
459, 0, 588, 773, 692, 163, 3.03%, 0, 19, 8, 1280.53, 542360, 1492
464, 0, 557, 778, 693, 160, 3.03%, 0, 19, 8, 1265.33, 548775, 1494
469, 0, 708, 783, 692, 154, 3.04%, 0, 19, 8, 1283.25, 555244, 1495
474, 0, 524, 789, 694, 152, 3.04%, 0, 19, 8, 1276.50, 561891, 1495
480, 0, 524, 792, 697, 152, 3.04%, 0, 19, 8, 1263.09, 568212, 1495
485, 0, 524, 794, 699, 152, 3.04%, 0, 19, 8, 1255.82, 574551, 1495
490, 0, 524, 798, 703, 152, 3.04%, 0, 19, 8, 1238.78, 580875, 1496
495, 0, 524, 801, 706, 152, 3.04%, 0, 19, 8, 1248.80, 587175, 1496
500, 0, 795, 802, 706, 152, 3.04%, 0, 19, 8, 1262.88, 593535, 1496
505, 0, 332, 806, 703, 145, 3.04%, 0, 19, 8, 1291.81, 600249, 1496
510, 0, 757, 812, 707, 143, 3.04%, 0, 20, 8, 134.25, 605442, 1497
515, 0, 757, 815, 710, 143, 3.04%, 0, 20, 8, 1276.97, 611813, 1498
520, 0, 757, 817, 712, 143, 3.05%, 0, 20, 8, 1279.23, 618227, 1500
525, 0, 757, 823, 718, 143, 3.05%, 0, 20, 8, 1279.93, 624619, 1501
530, 0, 798, 827, 719, 140, 3.05%, 0, 20, 8, 1290.49, 631113, 1501
535, 0, 774, 833, 724, 139, 3.08%, 0, 20, 8, 1309.64, 637677, 1515
540, 0, 774, 833, 724, 139, 3.08%, 0, 20, 8, 1321.42, 644359, 1515
545, 0, 774, 836, 727, 139, 3.09%, 0, 20, 8, 1318.97, 651010, 1520
550, 0, 774, 836, 727, 139, 3.09%, 0, 20, 8, 1303.27, 657510, 1520
555, 0, 812, 839, 725, 143, 3.10%, 0, 20, 8, 1288.99, 664229, 1524
561, 0, 834, 842, 722, 139, 3.10%, 0, 20, 8, 1308.09, 670845, 1524
566, 0, 499, 847, 724, 136, 3.10%, 0, 20, 8, 1287.47, 677551, 1528
571, 0, 499, 849, 726, 136, 3.11%, 0, 20, 8, 1269.61, 683965, 1530
576, 0, 499, 854, 731, 136, 3.11%, 0, 20, 8, 1258.28, 690450, 1530
581, 0, 499, 855, 732, 136, 3.11%, 0, 20, 8, 1257.12, 696832, 1530
586, 0, 499, 856, 733, 136, 3.11%, 0, 20, 8, 1269.72, 703289, 1530
591, 0, 601, 859, 732, 135, 3.11%, 0, 20, 8, 1284.65, 709937, 1530
596, 0, 522, 865, 734, 133, 3.11%, 0, 20, 8, 1282.53, 716400, 1531
601, 0, 522, 868, 737, 133, 3.11%, 0, 20, 8, 1280.91, 722821, 1531
606, 0, 522, 869, 738, 133, 3.11%, 0, 20, 8, 1258.50, 729153, 1531
611, 0, 522, 871, 740, 133, 3.11%, 0, 21, 8, 1263.64, 734168, 1531
617, 0, 522, 873, 742, 133, 3.11%, 0, 21, 8, 1270.13, 740607, 1531
622, 0, 522, 874, 743, 133, 3.11%, 0, 21, 8, 1278.92, 747021, 1531
627, 0, 819, 875, 740, 130, 3.11%, 0, 21, 8, 1282.09, 753522, 1531
632, 0, 816, 878, 741, 129, 3.11%, 0, 21, 8, 1257.84, 759876, 1531
637, 0, 542, 878, 740, 128, 3.11%, 0, 24, 8, 605.00, 761170, 1531
642, 0, 542, 886, 748, 128, 3.12%, 0, 27, 8, 88.39, 762132, 1538
647, 0, 542, 887, 749, 128, 3.12%, 0, 30, 8, 410.13, 763012, 1538
652, 0, 542, 887, 749, 128, 3.12%, 0, 33, 8, 197.25, 763569, 1538
657, 0, 542, 890, 752, 128, 3.13%, 0, 36, 8, 631.32, 764512, 1539
663, 0, 542, 892, 754, 128, 3.13%, 0, 38, 8, 11.27, 765367, 1539
669, 0, 542, 895, 757, 128, 3.13%, 0, 42, 8, 23.57, 765919, 1539
674, 0, 542, 897, 759, 128, 3.13%, 0, 44, 8, 449.94, 766776, 1539
679, 0, 542, 899, 761, 128, 3.13%, 0, 47, 8, 490.67, 767606, 1539
685, 0, 542, 902, 764, 128, 3.13%, 0, 48, 8, 435.97, 769098, 1539
690, 0, 542, 907, 769, 128, 3.13%, 0, 50, 8, 58.17, 770272, 1539
696, 0, 542, 909, 771, 128, 3.13%, 0, 52, 8, 56.90, 772223, 1539
702, 0, 542, 911, 773, 128, 3.13%, 0, 55, 8, 36.36, 773299, 1540
707, 0, 542, 912, 774, 128, 3.14%, 0, 57, 8, 422.46, 774460, 1546
712, 0, 542, 916, 778, 128, 3.14%, 0, 59, 8, 337.81, 775798, 1547
718, 0, 542, 925, 787, 128, 3.14%, 0, 61, 8, 21.64, 777285, 1547
724, 0, 542, 925, 787, 128, 3.14%, 0, 63, 8, 18.08, 778778, 1547
729, 0, 542, 927, 789, 128, 3.14%, 0, 64, 8, 468.92, 780608, 1547
734, 0, 542, 929, 791, 128, 3.15%, 0, 66, 8, 50.50, 782308, 1549
740, 0, 542, 931, 793, 128, 3.15%, 0, 68, 8, 36.67, 783881, 1549
745, 0, 542, 932, 794, 128, 3.15%, 0, 70, 8, 74.02, 785288, 1549
751, 0, 542, 936, 798, 128, 3.15%, 0, 73, 8, 54.80, 786363, 1549
756, 0, 542, 943, 805, 128, 3.15%, 0, 75, 8, 327.26, 787267, 1549
761, 0, 542, 951, 813, 128, 3.16%, 0, 75, 8, 333.26, 788919, 1555
766, 0, 542, 956, 818, 128, 3.16%, 0, 75, 8, 261.68, 790174, 1556
772, 0, 542, 961, 823, 128, 3.17%, 0, 77, 8, 43.38, 791286, 1560
777, 0, 542, 963, 825, 128, 3.17%, 0, 79, 8, 17.71, 792237, 1560
782, 0, 542, 965, 827, 128, 3.17%, 0, 81, 8, 356.57, 793229, 1561
787, 0, 525, 969, 827, 143, 3.18%, 0, 81, 8, 929.22, 797653, 1564
792, 0, 902, 973, 830, 142, 3.18%, 0, 82, 8, 471.63, 800029, 1564
797, 0, 902, 976, 833, 142, 3.18%, 0, 83, 8, 451.92, 802050, 1565
802, 0, 902, 980, 837, 142, 3.18%, 0, 85, 8, 574.06, 803573, 1565
808, 0, 902, 983, 840, 142, 3.18%, 0, 86, 8, 750.00, 805819, 1565
813, 0, 902, 984, 841, 142, 3.18%, 0, 88, 8, 74.29, 807408, 1565
818, 0, 902, 988, 845, 142, 3.18%, 0, 88, 8, 503.32, 809676, 1565
823, 0, 902, 992, 849, 142, 3.18%, 0, 88, 8, 498.06, 812184, 1565
828, 0, 902, 992, 849, 142, 3.18%, 0, 88, 8, 468.78, 814183, 1565
833, 0, 902, 995, 852, 142, 3.18%, 0, 88, 8, 452.50, 816517, 1565
838, 0, 902, 998, 855, 142, 3.18%, 0, 89, 8, 372.81, 818452, 1565
843, 0, 902, 1000, 857, 142, 3.19%, 0, 89, 8, 431.35, 820699, 1572
848, 0, 902, 1003, 860, 142, 3.19%, 0, 89, 8, 460.46, 823109, 1572
853, 0, 902, 1005, 862, 142, 3.20%, 0, 89, 8, 493.05, 825607, 1574
859, 0, 902, 1007, 864, 142, 3.20%, 0, 91, 8, 649.93, 826989, 1576
864, 0, 902, 1009, 866, 142, 3.20%, 0, 92, 8, 414.25, 828830, 1576
869, 0, 902, 1010, 867, 142, 3.20%, 0, 92, 8, 456.89, 831226, 1576
874, 0, 928, 1014, 870, 146, 3.20%, 0, 92, 8, 394.78, 833059, 1576
880, 0, 928, 1019, 875, 146, 3.20%, 0, 93, 8, 33.50, 835076, 1576
885, 0, 928, 1024, 880, 146, 3.20%, 0, 94, 8, 210.50, 836632, 1576
890, 0, 928, 1027, 883, 146, 3.20%, 0, 94, 8, 340.83, 838395, 1576
895, 0, 928, 1029, 885, 146, 3.21%, 0, 94, 8, 396.88, 840251, 1578
900, 0, 928, 1030, 886, 146, 3.21%, 0, 95, 8, 551.21, 842079, 1578
905, 0, 928, 1034, 890, 146, 3.21%, 0, 95, 8, 554.54, 844834, 1578
910, 0, 928, 1036, 892, 146, 3.21%, 0, 95, 8, 489.79, 847268, 1578
915, 0, 928, 1039, 895, 146, 3.21%, 0, 95, 8, 496.84, 849845, 1578
920, 0, 928, 1043, 899, 146, 3.21%, 0, 95, 8, 498.94, 852417, 1579
926, 0, 928, 1044, 900, 146, 3.21%, 0, 95, 8, 518.58, 855084, 1579
931, 0, 928, 1046, 902, 146, 3.21%, 0, 97, 8, 450.00, 856517, 1579
936, 0, 928, 1048, 904, 146, 3.21%, 0, 97, 8, 255.56, 858802, 1579
941, 0, 943, 1052, 907, 147, 3.21%, 0, 98, 8, 482.18, 860223, 1582
946, 0, 943, 1053, 908, 147, 3.21%, 0, 99, 8, 397.71, 862030, 1582
951, 0, 943, 1056, 911, 147, 3.21%, 0, 99, 8, 531.54, 864951, 1582
956, 0, 943, 1059, 914, 147, 3.21%, 0, 100, 8, 724.66, 867185, 1582
961, 0, 943, 1065, 920, 147, 3.22%, 0, 101, 8, 650.98, 869230, 1585
967, 0, 943, 1068, 923, 147, 3.22%, 0, 101, 8, 524.16, 871687, 1585
972, 0, 943, 1071, 926, 147, 3.22%, 0, 101, 8, 504.99, 874298, 1586
977, 0, 943, 1072, 927, 147, 3.22%, 0, 101, 8, 491.04, 876863, 1586
982, 0, 943, 1074, 929, 147, 3.22%, 0, 101, 8, 518.00, 879419, 1586
987, 0, 943, 1075, 930, 147, 3.22%, 0, 101, 8, 505.92, 881956, 1586
992, 0, 943, 1075, 930, 147, 3.22%, 0, 101, 8, 510.79, 884556, 1586
998, 0, 943, 1075, 930, 147, 3.22%, 0, 101, 8, 503.61, 886997, 1586
1003, 0, 943, 1078, 933, 147, 3.22%, 0, 101, 8, 522.38, 889628, 1586
1008, 0, 943, 1078, 933, 147, 3.22%, 0, 102, 8, 485.18, 891604, 1586
1013, 0, 943, 1078, 933, 147, 3.22%, 0, 102, 8, 187.73, 893051, 1586
1018, 0, 993, 1080, 934, 154, 3.22%, 0, 102, 8, 62.41, 894703, 1586
1023, 0, 1007, 1085, 937, 152, 3.22%, 0, 102, 8, 999.64, 897151, 1586
1028, 0, 1007, 1088, 940, 152, 3.22%, 0, 102, 8, 585.73, 899572, 1586
1033, 0, 1007, 1088, 940, 152, 3.22%, 0, 103, 8, 616.74, 901561, 1586
1038, 0, 1007, 1090, 942, 152, 3.22%, 0, 103, 8, 525.39, 904137, 1586
1043, 0, 1007, 1094, 946, 152, 3.26%, 0, 103, 8, 541.01, 906875, 1605
1049, 0, 1007, 1097, 949, 152, 3.26%, 0, 103, 8, 498.24, 909328, 1605
1054, 0, 1007, 1099, 951, 152, 3.26%, 0, 103, 8, 478.03, 911790, 1605
1059, 0, 1007, 1101, 953, 152, 3.26%, 0, 103, 8, 503.44, 914334, 1607
1064, 0, 1007, 1104, 956, 152, 3.26%, 0, 103, 8, 475.06, 916847, 1607
1069, 0, 1007, 1105, 957, 152, 3.27%, 0, 103, 8, 508.68, 919482, 1608
1074, 0, 1007, 1105, 957, 152, 3.27%, 0, 104, 8, 51.20, 921598, 1608
1080, 0, 1007, 1105, 957, 152, 3.27%, 0, 104, 8, 510.27, 924293, 1608
1085, 0, 1007, 1106, 958, 152, 3.27%, 0, 104, 8, 493.62, 926780, 1609
1090, 0, 1007, 1106, 958, 152, 3.27%, 0, 104, 8, 85.80, 929416, 1609
1095, 0, 1049, 1107, 958, 155, 3.27%, 0, 104, 8, 112.66, 930815, 1609
1100, 0, 1049, 1107, 958, 155, 3.27%, 0, 105, 8, 167.57, 931417, 1609
1105, 0, 989, 1108, 957, 153, 3.27%, 0, 105, 8, 348.16, 934153, 1609
1111, 0, 1076, 1111, 959, 152, 3.27%, 0, 106, 8, 123.57, 935394, 1609
1116, 0, 1076, 1113, 961, 152, 3.27%, 0, 106, 8, 469.86, 938156, 1610
1121, 0, 1076, 1116, 964, 152, 3.27%, 0, 106, 8, 543.32, 941047, 1610
1126, 0, 1076, 1116, 964, 152, 3.27%, 0, 106, 8, 568.08, 943995, 1610
1131, 0, 1076, 1119, 967, 152, 3.27%, 0, 106, 8, 626.38, 946806, 1610
1136, 0, 1076, 1121, 969, 152, 3.27%, 0, 106, 8, 589.53, 949619, 1611
1141, 0, 1076, 1122, 970, 152, 3.27%, 0, 106, 8, 531.23, 952237, 1611
1146, 0, 1076, 1124, 972, 152, 3.28%, 0, 107, 8, 493.40, 954291, 1613
1151, 0, 1076, 1127, 975, 152, 3.28%, 0, 107, 8, 564.29, 957230, 1613
1157, 0, 1076, 1128, 976, 152, 3.28%, 0, 108, 8, 33.69, 959741, 1613
1164, 0, 1076, 1131, 979, 152, 3.28%, 0, 109, 8, 47.58, 962393, 1617
1169, 0, 1076, 1133, 981, 152, 3.28%, 0, 109, 8, 573.85, 965260, 1617
1174, 0, 1076, 1135, 983, 152, 3.28%, 0, 110, 8, 538.08, 967482, 1617
1179, 0, 1128, 1141, 988, 156, 3.29%, 0, 111, 8, 638.05, 969555, 1620
1185, 0, 1128, 1153, 1000, 156, 3.32%, 0, 114, 8, 15.62, 970742, 1634
1190, 0, 1128, 1157, 1004, 156, 3.32%, 0, 116, 8, 38.02, 972193, 1637
1195, 0, 1128, 1157, 1004, 156, 3.32%, 0, 118, 8, 26.18, 973938, 1637
1200, 0, 1128, 1162, 1009, 156, 3.34%, 0, 118, 8, 546.56, 976795, 1645
1206, 0, 1128, 1166, 1013, 156, 3.34%, 0, 119, 8, 485.41, 979262, 1646
1211, 0, 1128, 1172, 1019, 156, 3.35%, 0, 119, 8, 546.46, 982024, 1649
1216, 0, 1128, 1173, 1020, 156, 3.35%, 0, 119, 8, 516.19, 984581, 1649
1221, 0, 1128, 1174, 1021, 156, 3.36%, 0, 120, 8, 523.36, 986819, 1652
1227, 0, 1128, 1174, 1021, 156, 3.36%, 0, 120, 8, 485.43, 989337, 1652
1232, 0, 1128, 1174, 1021, 156, 3.36%, 0, 122, 8, 499.23, 990626, 1652
1237, 0, 1128, 1175, 1022, 156, 3.36%, 0, 122, 8, 526.49, 993338, 1652
1242, 0, 1128, 1175, 1022, 156, 3.36%, 0, 122, 8, 488.93, 995799, 1652
1247, 0, 1128, 1178, 1025, 156, 3.36%, 0, 122, 8, 505.48, 998394, 1653
1252, 0, 1128, 1182, 1029, 156, 3.36%, 0, 122, 8, 506.22, 1000937, 1656
1257, 0, 1128, 1183, 1030, 156, 3.37%, 0, 122, 8, 62.41, 1002309, 1657
1262, 0, 835, 1186, 1032, 175, 3.37%, 0, 122, 8, 1443.05, 1004015, 1657
1268, 0, 1122, 1186, 1029, 172, 3.37%, 0, 123, 8, 678.63, 1007543, 1657
1273, 0, 1176, 1186, 1028, 171, 3.37%, 0, 124, 8, 479.67, 1008625, 1657
1278, 0, 1176, 1186, 1028, 171, 3.37%, 0, 126, 8, 187.36, 1009605, 1657
1283, 0, 1173, 1187, 1027, 169, 3.37%, 0, 127, 9, 506.81, 1011550, 1659
1288, 0, 1173, 1187, 1027, 169, 3.37%, 0, 127, 9, 411.19, 1013367, 1659
1293, 0, 1181, 1187, 1026, 168, 3.37%, 0, 127, 9, 92.60, 1014202, 1659
1298, 0, 1181, 1191, 1030, 168, 3.37%, 0, 127, 9, 356.94, 1016436, 1659
1303, 0, 1181, 1194, 1033, 168, 3.38%, 0, 128, 9, 474.65, 1018299, 1664
1308, 0, 1181, 1194, 1033, 168, 3.38%, 0, 129, 9, 237.46, 1019997, 1664
1314, 0, 1181, 1196, 1035, 168, 3.38%, 0, 130, 9, 505.85, 1022060, 1664
1319, 0, 1181, 1196, 1035, 168, 3.38%, 0, 131, 9, 481.48, 1023905, 1664
1324, 0, 1181, 1197, 1036, 168, 3.38%, 0, 131, 9, 437.18, 1026132, 1665
1329, 0, 1181, 1198, 1037, 168, 3.38%, 0, 131, 9, 459.60, 1028527, 1665
1334, 0, 1181, 1198, 1037, 168, 3.38%, 0, 131, 9, 467.68, 1030779, 1665
1339, 0, 1181, 1198, 1037, 168, 3.38%, 0, 131, 9, 462.47, 1033234, 1665
1345, 0, 1181, 1200, 1039, 168, 3.38%, 0, 131, 9, 476.97, 1035606, 1666
1350, 0, 1181, 1200, 1039, 168, 3.38%, 0, 131, 9, 485.39, 1038108, 1666
1355, 0, 875, 1202, 1040, 171, 3.38%, 0, 131, 9, 516.30, 1040684, 1666
1360, 0, 1193, 1204, 1041, 170, 3.39%, 0, 132, 10, 565.25, 1043504, 1667
1365, 0, 1193, 1205, 1042, 170, 3.39%, 0, 133, 10, 585.52, 1045547, 1667
1370, 0, 1193, 1209, 1046, 170, 3.39%, 0, 133, 10, 543.21, 1048156, 1668
1375, 0, 1193, 1209, 1046, 170, 3.39%, 0, 133, 10, 467.62, 1050449, 1668
1380, 0, 1193, 1209, 1046, 170, 3.39%, 0, 133, 10, 480.24, 1052978, 1668
1385, 0, 1193, 1210, 1047, 170, 3.39%, 0, 133, 10, 482.53, 1055442, 1668
1391, 0, 1193, 1213, 1050, 170, 3.39%, 0, 133, 10, 479.72, 1057920, 1668
1396, 0, 1193, 1213, 1050, 170, 3.39%, 0, 133, 10, 514.49, 1060524, 1668
1401, 0, 1193, 1214, 1051, 170, 3.39%, 0, 134, 10, 544.00, 1062522, 1668
1406, 0, 1193, 1217, 1054, 170, 3.39%, 0, 134, 10, 503.59, 1065041, 1669
1411, 0, 1193, 1219, 1056, 170, 3.39%, 0, 134, 10, 417.45, 1067213, 1669
1416, 0, 1068, 1222, 1058, 171, 3.39%, 0, 135, 10, 381.92, 1068886, 1669
1421, 0, 1068, 1226, 1062, 171, 3.39%, 0, 135, 10, 466.11, 1071359, 1669
1426, 0, 1068, 1230, 1066, 171, 3.39%, 0, 135, 10, 553.79, 1074194, 1671
1431, 0, 1068, 1230, 1066, 171, 3.39%, 0, 135, 10, 557.73, 1076966, 1671
1436, 0, 1068, 1230, 1066, 171, 3.39%, 0, 135, 10, 523.66, 1079586, 1671
1441, 0, 1068, 1231, 1067, 171, 3.39%, 0, 135, 10, 506.87, 1082353, 1671
1447, 0, 1068, 1232, 1068, 171, 3.39%, 0, 135, 10, 533.90, 1085080, 1671
1452, 0, 1068, 1232, 1068, 171, 3.39%, 0, 135, 10, 505.00, 1087462, 1671
1457, 0, 1068, 1233, 1069, 171, 3.39%, 0, 135, 10, 560.90, 1090198, 1671
1462, 0, 1068, 1233, 1069, 171, 3.39%, 0, 135, 10, 507.17, 1092838, 1671
1467, 0, 1068, 1233, 1069, 171, 3.39%, 0, 135, 10, 480.37, 1095304, 1671
1472, 0, 1068, 1233, 1069, 171, 3.39%, 0, 135, 10, 562.27, 1098207, 1671
1477, 0, 1068, 1234, 1070, 171, 3.39%, 0, 135, 10, 543.43, 1100845, 1671
1482, 0, 1093, 1236, 1071, 173, 3.42%, 0, 135, 10, 406.79, 1102675, 1684
1487, 0, 1093, 1244, 1079, 173, 3.46%, 0, 137, 10, 426.88, 1104067, 1702
1493, 0, 1093, 1247, 1082, 173, 3.46%, 0, 140, 10, 7.03, 1105304, 1705
1498, 0, 1093, 1247, 1082, 173, 3.46%, 0, 141, 10, 536.88, 1107249, 1705
1504, 0, 1093, 1250, 1085, 173, 3.47%, 0, 141, 10, 492.21, 1109791, 1707
1509, 0, 1093, 1252, 1087, 173, 3.47%, 0, 141, 10, 479.75, 1112382, 1710
1514, 0, 1093, 1255, 1090, 173, 3.48%, 0, 141, 10, 445.30, 1114638, 1714
1519, 0, 1093, 1256, 1091, 173, 3.48%, 0, 142, 10, 420.60, 1116519, 1714
1524, 0, 1093, 1256, 1091, 173, 3.48%, 0, 143, 10, 443.68, 1118371, 1714
1530, 0, 1093, 1259, 1094, 173, 3.49%, 0, 144, 10, 33.45, 1120580, 1720
1535, 0, 1093, 1261, 1096, 173, 3.49%, 0, 144, 10, 433.62, 1122924, 1720
1540, 0, 1093, 1261, 1096, 173, 3.49%, 0, 144, 10, 487.08, 1125400, 1720
1545, 0, 1093, 1264, 1099, 173, 3.50%, 0, 144, 10, 468.75, 1127869, 1722
1550, 0, 1093, 1266, 1101, 173, 3.50%, 0, 145, 10, 497.10, 1129792, 1722
1555, 0, 1093, 1266, 1101, 173, 3.50%, 0, 146, 10, 474.08, 1131728, 1722
1560, 0, 1093, 1267, 1102, 173, 3.50%, 0, 147, 10, 441.41, 1133489, 1723
1566, 0, 1093, 1268, 1103, 173, 3.50%, 0, 148, 10, 470.38, 1135707, 1723
1571, 0, 1265, 1268, 1102, 189, 3.50%, 0, 149, 10, 9.83, 1136442, 1723
1576, 0, 1265, 1273, 1107, 189, 3.51%, 0, 150, 10, 365.08, 1138226, 1730
1581, 0, 1265, 1275, 1109, 189, 3.52%, 0, 152, 10, 561.59, 1139451, 1732
1587, 0, 1265, 1278, 1112, 189, 3.52%, 0, 153, 10, 55.68, 1141482, 1733
1592, 0, 1265, 1280, 1114, 189, 3.52%, 0, 154, 10, 283.78, 1143277, 1734
1597, 0, 1265, 1282, 1116, 189, 3.52%, 0, 154, 10, 447.38, 1145799, 1735
1602, 0, 1265, 1284, 1118, 189, 3.53%, 0, 154, 10, 433.03, 1147997, 1736
1607, 0, 1265, 1285, 1119, 189, 3.53%, 0, 154, 10, 495.03, 1150624, 1737
1612, 0, 1265, 1285, 1119, 189, 3.53%, 0, 155, 10, 300.63, 1152411, 1737
1617, 0, 1265, 1286, 1120, 189, 3.53%, 0, 155, 10, 410.06, 1154732, 1737
1623, 0, 1265, 1287, 1121, 189, 3.53%, 0, 155, 10, 483.40, 1157243, 1737
1628, 0, 1265, 1287, 1121, 189, 3.53%, 0, 156, 10, 622.06, 1159056, 1737
1633, 0, 1265, 1287, 1121, 189, 3.53%, 0, 156, 10, 480.78, 1161210, 1737
1639, 0, 1162, 1287, 1120, 194, 3.53%, 0, 157, 10, 14.98, 1162660, 1737
1644, 0, 1162, 1291, 1124, 194, 3.54%, 0, 157, 10, 427.15, 1164871, 1741
1649, 0, 1162, 1294, 1127, 194, 3.54%, 0, 157, 10, 425.96, 1166916, 1741
1655, 0, 1162, 1294, 1127, 194, 3.54%, 0, 158, 10, 436.60, 1169163, 1741
1660, 0, 1162, 1295, 1128, 194, 3.54%, 0, 158, 10, 448.26, 1171519, 1741
1665, 0, 1162, 1296, 1129, 194, 3.54%, 0, 158, 10, 439.09, 1173619, 1741
1670, 0, 1162, 1298, 1131, 194, 3.54%, 0, 158, 10, 473.95, 1176031, 1741
1675, 0, 1162, 1300, 1133, 194, 3.54%, 0, 158, 10, 480.61, 1178439, 1741
1680, 0, 1162, 1300, 1133, 194, 3.54%, 0, 158, 10, 445.46, 1180655, 1741
1685, 0, 1162, 1301, 1134, 194, 3.54%, 0, 159, 10, 630.20, 1182683, 1741
1690, 0, 1162, 1301, 1134, 194, 3.54%, 0, 159, 10, 483.73, 1185062, 1741
1696, 0, 1162, 1304, 1137, 194, 3.54%, 0, 159, 10, 455.02, 1187525, 1741
1701, 0, 1210, 1304, 1136, 196, 3.54%, 0, 159, 10, 512.75, 1188828, 1741
1706, 0, 1210, 1307, 1139, 196, 3.54%, 0, 160, 11, 404.75, 1190578, 1742
1711, 0, 1210, 1308, 1140, 196, 3.54%, 0, 160, 11, 459.78, 1192904, 1742
1716, 0, 1210, 1308, 1140, 196, 3.54%, 0, 160, 11, 370.85, 1194533, 1742
1721, 0, 1210, 1311, 1143, 196, 3.54%, 0, 161, 11, 461.11, 1196652, 1742
1726, 0, 1210, 1311, 1143, 196, 3.54%, 0, 162, 11, 469.44, 1198525, 1742
1731, 0, 1210, 1314, 1146, 196, 3.54%, 0, 162, 11, 468.93, 1201012, 1745
1737, 0, 1210, 1315, 1147, 196, 3.54%, 0, 162, 11, 58.02, 1203123, 1745
1742, 0, 1210, 1317, 1149, 196, 3.55%, 0, 162, 11, 500.09, 1205409, 1746
1747, 0, 1210, 1319, 1151, 196, 3.55%, 0, 162, 11, 467.12, 1207735, 1746
1752, 0, 1210, 1319, 1151, 196, 3.55%, 0, 162, 11, 463.83, 1210066, 1746
1757, 0, 1210, 1320, 1152, 196, 3.55%, 0, 162, 11, 474.05, 1212656, 1747
1762, 0, 1210, 1320, 1152, 196, 3.55%, 0, 162, 11, 139.12, 1214444, 1747
1767, 0, 1240, 1321, 1152, 199, 3.55%, 0, 162, 11, 341.86, 1216440, 1747
1772, 0, 674, 1322, 1152, 198, 3.55%, 0, 162, 11, 796.02, 1217562, 1747
1777, 0, 1249, 1323, 1152, 197, 3.55%, 0, 163, 11, 519.22, 1219507, 1747
1782, 0, 1249, 1324, 1153, 197, 3.55%, 0, 163, 11, 459.99, 1220648, 1747
1788, 0, 915, 1328, 1155, 192, 3.55%, 0, 163, 11, 422.20, 1223222, 1750
1793, 0, 915, 1331, 1158, 192, 3.56%, 0, 163, 11, 457.10, 1225631, 1753
1798, 0, 915, 1332, 1159, 192, 3.56%, 0, 165, 11, 38.59, 1227161, 1755
1803, 0, 915, 1334, 1161, 192, 3.57%, 0, 165, 11, 516.77, 1229819, 1758
1809, 0, 915, 1335, 1162, 192, 3.57%, 0, 166, 11, 74.46, 1231693, 1758
1814, 0, 915, 1337, 1164, 192, 3.57%, 0, 167, 11, 468.38, 1233634, 1759
1819, 0, 915, 1337, 1164, 192, 3.57%, 0, 167, 11, 431.06, 1235779, 1759
1825, 0, 915, 1339, 1166, 192, 3.57%, 0, 167, 11, 416.03, 1238082, 1760
1830, 0, 915, 1340, 1167, 192, 3.58%, 0, 167, 11, 366.66, 1239917, 1761
1835, 0, 915, 1340, 1167, 192, 3.58%, 0, 167, 11, 430.35, 1242121, 1761
1841, 0, 915, 1340, 1167, 192, 3.58%, 0, 168, 11, 68.30, 1244274, 1761
1846, 0, 915, 1342, 1169, 192, 3.58%, 0, 168, 11, 465.70, 1246631, 1762
1851, 0, 915, 1342, 1169, 192, 3.58%, 0, 168, 11, 208.16, 1247980, 1762
1856, 0, 1309, 1342, 1168, 197, 3.58%, 0, 169, 11, 74.30, 1249223, 1762
1861, 0, 1309, 1342, 1168, 197, 3.58%, 0, 169, 11, 182.72, 1250290, 1762
1866, 0, 905, 1342, 1167, 196, 3.58%, 0, 169, 11, 209.29, 1251261, 1762
1871, 0, 841, 1343, 1166, 195, 3.61%, 0, 169, 11, 875.45, 1254210, 1776
1876, 0, 1342, 1346, 1166, 193, 3.61%, 0, 170, 11, 1062.02, 1258406, 1778
1881, 0, 1301, 1350, 1169, 193, 3.61%, 0, 171, 11, 290.68, 1259979, 1778
1887, 0, 1301, 1351, 1170, 193, 3.61%, 0, 171, 11, 410.33, 1262277, 1778
1892, 0, 1301, 1355, 1174, 193, 3.61%, 0, 171, 11, 373.05, 1264194, 1778
1897, 0, 1301, 1357, 1176, 193, 3.61%, 0, 171, 11, 414.59, 1266335, 1778
1902, 0, 1301, 1358, 1177, 193, 3.61%, 0, 171, 11, 430.52, 1268590, 1778
1907, 0, 1301, 1359, 1178, 193, 3.61%, 0, 171, 11, 434.75, 1270805, 1778
1912, 0, 1301, 1359, 1178, 193, 3.61%, 0, 171, 11, 422.19, 1272965, 1778
1918, 0, 1301, 1359, 1178, 193, 3.61%, 0, 171, 11, 471.89, 1275294, 1778
1923, 0, 1301, 1359, 1178, 193, 3.61%, 0, 171, 11, 483.47, 1277760, 1778
1928, 0, 1301, 1359, 1178, 193, 3.61%, 0, 171, 11, 424.70, 1279917, 1778
1933, 0, 1301, 1360, 1179, 193, 3.61%, 0, 171, 11, 459.94, 1282240, 1778
1938, 0, 1301, 1360, 1179, 193, 3.61%, 0, 171, 11, 66.62, 1283689, 1778
1943, 0, 1301, 1360, 1179, 193, 3.61%, 0, 171, 11, 549.61, 1284723, 1778
1948, 0, 1313, 1363, 1181, 192, 3.61%, 0, 172, 12, 475.46, 1286328, 1779
1953, 0, 1313, 1365, 1183, 192, 3.62%, 0, 172, 12, 453.95, 1288547, 1780
1958, 0, 1313, 1366, 1184, 192, 3.62%, 0, 173, 12, 313.76, 1290065, 1780
1963, 0, 1313, 1367, 1185, 192, 3.62%, 0, 173, 12, 302.39, 1291674, 1780
1968, 0, 1313, 1369, 1187, 192, 3.62%, 0, 173, 12, 349.73, 1293482, 1780
1974, 0, 1313, 1372, 1190, 192, 3.62%, 0, 173, 12, 382.11, 1295544, 1782
1979, 0, 1313, 1374, 1192, 192, 3.62%, 0, 173, 12, 362.88, 1297364, 1782
1984, 0, 1313, 1374, 1192, 192, 3.62%, 0, 173, 12, 312.74, 1298941, 1782
1989, 0, 1313, 1375, 1193, 192, 3.62%, 0, 173, 12, 376.22, 1300962, 1783
1994, 0, 1313, 1376, 1194, 192, 3.63%, 0, 174, 12, 346.48, 1302652, 1785
1999, 0, 1313, 1378, 1196, 192, 3.63%, 0, 174, 12, 401.98, 1304743, 1785
2004, 0, 1313, 1379, 1197, 192, 3.63%, 0, 174, 12, 406.96, 1306857, 1786
2009, 0, 1313, 1380, 1198, 192, 3.63%, 0, 174, 12, 431.59, 1309026, 1786
2014, 0, 1313, 1380, 1198, 192, 3.63%, 0, 174, 12, 59.30, 1310723, 1786
2020, 0, 1322, 1381, 1197, 196, 3.63%, 0, 175, 12, 11.37, 1312434, 1786
2025, 0, 1322, 1383, 1199, 196, 3.63%, 0, 175, 12, 365.96, 1314185, 1786
2031, 0, 1322, 1384, 1200, 196, 3.63%, 0, 177, 12, 35.69, 1315517, 1786
2036, 0, 1322, 1386, 1202, 196, 3.63%, 0, 177, 12, 341.25, 1317271, 1786
2041, 0, 1322, 1388, 1204, 196, 3.63%, 0, 178, 12, 349.40, 1318750, 1786
2046, 0, 1322, 1390, 1206, 196, 3.63%, 0, 178, 12, 405.35, 1320874, 1787
2052, 0, 1322, 1394, 1210, 196, 3.63%, 0, 178, 12, 374.93, 1322833, 1788
2057, 0, 1322, 1396, 1212, 196, 3.63%, 0, 178, 12, 410.36, 1324996, 1788
2062, 0, 1322, 1397, 1213, 196, 3.63%, 0, 178, 12, 448.39, 1327273, 1788
2067, 0, 1322, 1398, 1214, 196, 3.63%, 0, 178, 12, 417.03, 1329329, 1788
2072, 0, 1322, 1398, 1214, 196, 3.63%, 0, 178, 12, 402.71, 1331275, 1788
2077, 0, 1322, 1399, 1215, 196, 3.63%, 0, 178, 12, 368.16, 1333116, 1788
2082, 0, 1322, 1399, 1215, 196, 3.63%, 0, 178, 12, 386.06, 1335076, 1788
2087, 0, 1322, 1400, 1216, 196, 3.63%, 0, 178, 12, 426.04, 1337320, 1788
2092, 0, 1322, 1400, 1216, 196, 3.63%, 0, 178, 12, 104.08, 1338128, 1788
2098, 0, 1305, 1401, 1215, 197, 3.63%, 0, 178, 12, 513.74, 1340819, 1788
2103, 0, 1305, 1401, 1215, 197, 3.63%, 0, 178, 12, 98.64, 1342195, 1788
2108, 0, 1100, 1402, 1214, 195, 3.63%, 0, 178, 12, 181.98, 1345362, 1788
2113, 0, 1182, 1403, 1213, 193, 3.63%, 0, 178, 12, 552.29, 1346494, 1788
2118, 0, 1182, 1405, 1215, 193, 3.63%, 0, 179, 12, 286.25, 1347594, 1788
2123, 0, 1182, 1407, 1217, 193, 3.63%, 0, 179, 12, 337.84, 1349296, 1788
2128, 0, 1182, 1408, 1218, 193, 3.63%, 0, 179, 12, 441.58, 1351471, 1788
2133, 0, 1182, 1408, 1218, 193, 3.63%, 0, 179, 12, 466.24, 1353950, 1788
2139, 0, 1182, 1409, 1219, 193, 3.63%, 0, 179, 12, 470.87, 1356306, 1788
2144, 0, 1182, 1409, 1219, 193, 3.63%, 0, 179, 12, 474.35, 1358637, 1788
2149, 0, 1182, 1410, 1220, 193, 3.64%, 0, 179, 12, 412.57, 1360597, 1790
2154, 0, 1182, 1411, 1221, 193, 3.64%, 0, 179, 12, 511.45, 1363246, 1790
2159, 0, 1182, 1411, 1221, 193, 3.64%, 0, 179, 12, 496.56, 1365698, 1790
2164, 0, 1182, 1412, 1222, 193, 3.64%, 0, 179, 12, 481.46, 1368198, 1790
2169, 0, 1182, 1412, 1222, 193, 3.64%, 0, 179, 12, 431.14, 1370419, 1790
2174, 0, 1182, 1413, 1223, 193, 3.64%, 0, 179, 12, 797.90, 1372162, 1790
2179, 0, 1203, 1415, 1223, 192, 3.64%, 0, 179, 12, 519.15, 1374450, 1790
2184, 0, 1203, 1416, 1224, 192, 3.64%, 0, 179, 12, 472.55, 1376799, 1790
2190, 0, 1203, 1416, 1224, 192, 3.64%, 0, 179, 12, 444.91, 1379025, 1790
2195, 0, 1203, 1416, 1224, 192, 3.64%, 0, 179, 12, 72.32, 1379795, 1790
2200, 0, 1284, 1417, 1224, 191, 3.64%, 0, 179, 12, 370.61, 1381104, 1790
2205, 0, 1284, 1418, 1225, 191, 3.64%, 0, 179, 12, 417.70, 1383211, 1790
2210, 0, 698, 1428, 1233, 189, 3.64%, 0, 179, 12, 833.38, 1387051, 1792
2215, 0, 698, 1433, 1238, 189, 3.64%, 0, 179, 12, 1242.18, 1393998, 1794
2220, 0, 698, 1433, 1238, 189, 3.64%, 0, 179, 12, 1351.42, 1401102, 1794
2225, 0, 698, 1433, 1238, 189, 3.64%, 0, 179, 12, 1371.65, 1408029, 1794
2230, 0, 698, 1435, 1240, 189, 3.65%, 0, 179, 12, 1357.46, 1414955, 1795
2235, 0, 1303, 1435, 1239, 194, 3.65%, 0, 179, 12, 406.10, 1418778, 1795
2241, 0, 1199, 1436, 1237, 191, 3.65%, 0, 179, 12, 643.77, 1422133, 1795
2246, 0, 1199, 1437, 1238, 191, 3.65%, 0, 179, 12, 77.44, 1423781, 1795
2251, 0, 1316, 1437, 1237, 190, 3.65%, 0, 179, 12, 538.48, 1425278, 1795
2256, 0, 1316, 1437, 1237, 190, 3.65%, 0, 180, 12, 252.26, 1426791, 1795
2261, 0, 1143, 1437, 1234, 187, 3.65%, 0, 180, 12, 269.26, 1429637, 1795
2266, 0, 1143, 1439, 1236, 187, 3.65%, 0, 180, 12, 283.05, 1431082, 1795
2271, 0, 1395, 1439, 1235, 186, 3.65%, 0, 180, 12, 217.46, 1432047, 1795
2276, 0, 1395, 1441, 1237, 186, 3.65%, 0, 180, 12, 419.82, 1434469, 1795
2282, 0, 1125, 1441, 1236, 185, 3.65%, 0, 180, 12, 72.07, 1436131, 1795
2287, 0, 1268, 1443, 1237, 184, 3.65%, 0, 180, 12, 427.81, 1438103, 1798
2292, 0, 1268, 1443, 1237, 184, 3.65%, 0, 180, 12, 70.72, 1439860, 1798
2297, 0, 1197, 1444, 1237, 183, 3.65%, 0, 181, 12, 652.27, 1441452, 1798
2302, 0, 957, 1444, 1234, 180, 3.65%, 0, 181, 12, 72.34, 1444291, 1798
2308, 0, 957, 1444, 1234, 180, 3.65%, 0, 181, 12, 251.01, 1445740, 1798
2313, 0, 1142, 1445, 1234, 179, 3.65%, 0, 181, 12, 391.80, 1447863, 1798
2318, 0, 1307, 1449, 1237, 178, 3.65%, 0, 181, 12, 504.78, 1450562, 1798
2323, 0, 1307, 1452, 1240, 178, 3.65%, 0, 181, 12, 507.02, 1453076, 1798
2328, 0, 1307, 1453, 1241, 178, 3.65%, 0, 181, 12, 518.26, 1455724, 1798
2333, 0, 1307, 1455, 1243, 178, 3.65%, 0, 182, 12, 17.46, 1457724, 1798
2339, 0, 1307, 1455, 1243, 178, 3.65%, 0, 182, 12, 524.54, 1460289, 1798
2344, 0, 1307, 1457, 1245, 178, 3.65%, 0, 182, 12, 517.65, 1462943, 1798
2349, 0, 1307, 1457, 1245, 178, 3.65%, 0, 183, 12, 35.34, 1464914, 1798
2354, 0, 1307, 1460, 1248, 178, 3.65%, 0, 183, 12, 431.49, 1467297, 1798
2359, 0, 1307, 1463, 1251, 178, 3.65%, 0, 183, 12, 469.97, 1469742, 1798
2365, 0, 1307, 1464, 1252, 178, 3.65%, 0, 184, 12, 18.39, 1472184, 1798
2370, 0, 1307, 1464, 1252, 178, 3.65%, 0, 184, 12, 86.35, 1474208, 1798
2375, 0, 1258, 1466, 1253, 178, 3.65%, 0, 185, 12, 540.10, 1476687, 1798
2380, 0, 1258, 1466, 1253, 178, 3.65%, 0, 185, 12, 65.38, 1477941, 1798
2385, 0, 1194, 1466, 1252, 177, 3.65%, 0, 185, 12, 409.03, 1479849, 1798
2390, 0, 1113, 1467, 1251, 176, 3.65%, 0, 185, 12, 77.26, 1482081, 1798
2395, 0, 1147, 1468, 1250, 174, 3.65%, 0, 185, 12, 574.00, 1484105, 1798
2401, 0, 1147, 1468, 1250, 174, 3.65%, 0, 185, 12, 116.78, 1485387, 1798
2406, 0, 1243, 1468, 1249, 173, 3.65%, 0, 185, 12, 143.46, 1486796, 1798
2411, 0, 87, 1468, 1248, 172, 3.65%, 0, 185, 12, 681.98, 1489065, 1798
2416, 0, 1053, 1468, 1247, 171, 3.65%, 0, 185, 12, 197.00, 1490589, 1798
2421, 0, 1332, 1468, 1244, 168, 3.65%, 0, 185, 12, 437.73, 1494333, 1798
2426, 0, 1452, 1470, 1244, 166, 3.65%, 0, 185, 13, 536.45, 1497321, 1798
2431, 0, 1452, 1472, 1246, 166, 3.65%, 0, 185, 13, 489.28, 1499761, 1798
2436, 0, 1452, 1473, 1247, 166, 3.65%, 0, 185, 13, 504.06, 1502262, 1798
2441, 0, 1452, 1473, 1247, 166, 3.65%, 0, 185, 13, 463.53, 1504619, 1798
2447, 0, 1452, 1473, 1247, 166, 3.65%, 0, 185, 13, 480.21, 1507013, 1798
2452, 0, 1452, 1475, 1249, 166, 3.65%, 0, 185, 13, 511.84, 1509583, 1798
2457, 0, 1452, 1477, 1251, 166, 3.66%, 0, 185, 13, 476.21, 1511856, 1800
2462, 0, 1452, 1479, 1253, 166, 3.66%, 0, 185, 13, 472.52, 1514354, 1800
2467, 0, 1452, 1479, 1253, 166, 3.66%, 0, 185, 13, 485.54, 1516865, 1800
2472, 0, 1452, 1479, 1253, 166, 3.66%, 0, 185, 13, 446.13, 1519094, 1800
2477, 0, 1452, 1481, 1255, 166, 3.66%, 0, 185, 13, 488.40, 1521637, 1800
2482, 0, 1280, 1482, 1255, 164, 3.66%, 0, 186, 13, 529.76, 1523469, 1800
2488, 0, 1327, 1482, 1254, 163, 3.66%, 0, 186, 13, 122.65, 1524749, 1800
2493, 0, 998, 1488, 1259, 162, 3.67%, 0, 186, 13, 1265.97, 1526629, 1805
2498, 0, 998, 1491, 1262, 162, 3.67%, 0, 186, 13, 1377.29, 1533708, 1806
2503, 0, 998, 1496, 1267, 162, 3.69%, 0, 186, 13, 1408.21, 1540882, 1816
2508, 0, 998, 1497, 1268, 162, 3.69%, 0, 186, 13, 1408.97, 1548029, 1816
2513, 0, 998, 1500, 1271, 162, 3.69%, 0, 186, 13, 1390.39, 1554912, 1818
2518, 0, 1138, 1501, 1271, 167, 3.70%, 0, 186, 13, 1004.63, 1560147, 1824
2523, 0, 1138, 1502, 1272, 167, 3.70%, 0, 186, 13, 177.00, 1561337, 1824
2528, 0, 1003, 1505, 1272, 164, 3.70%, 0, 186, 13, 304.77, 1564476, 1824
2534, 0, 1003, 1505, 1272, 164, 3.70%, 0, 186, 13, 525.00, 1566435, 1824
2539, 0, 1149, 1507, 1272, 162, 3.70%, 0, 186, 13, 538.07, 1569429, 1824
2544, 0, 1149, 1507, 1272, 162, 3.70%, 0, 186, 13, 480.74, 1571780, 1824
2549, 0, 1361, 1510, 1274, 161, 3.70%, 0, 186, 13, 315.37, 1573558, 1824
2554, 0, 1361, 1511, 1275, 161, 3.71%, 0, 186, 13, 365.77, 1575478, 1825
2559, 0, 1361, 1512, 1276, 161, 3.71%, 0, 186, 13, 436.12, 1577806, 1826
2564, 0, 1361, 1514, 1278, 161, 3.71%, 0, 186, 13, 463.78, 1580132, 1826
2569, 0, 1361, 1514, 1278, 161, 3.71%, 0, 186, 13, 494.22, 1582670, 1826
2574, 0, 1361, 1514, 1278, 161, 3.71%, 0, 186, 13, 458.56, 1584983, 1826
2579, 0, 1361, 1516, 1280, 161, 3.71%, 0, 186, 13, 449.26, 1587283, 1827
2585, 0, 1361, 1516, 1280, 161, 3.71%, 0, 186, 13, 454.98, 1589695, 1827
2590, 0, 1361, 1516, 1280, 161, 3.71%, 0, 186, 13, 474.71, 1592161, 1827
2595, 0, 1361, 1517, 1281, 161, 3.71%, 0, 186, 13, 449.38, 1594346, 1828
2600, 0, 1361, 1518, 1282, 161, 3.71%, 0, 186, 13, 449.57, 1596521, 1828
2605, 0, 1361, 1518, 1282, 161, 3.71%, 0, 186, 13, 332.55, 1597663, 1828
2610, 0, 1215, 1518, 1281, 164, 3.71%, 0, 187, 13, 314.36, 1598828, 1828
2615, 0, 1215, 1518, 1281, 164, 3.71%, 0, 187, 13, 347.16, 1600178, 1828
2620, 0, 1374, 1519, 1281, 163, 3.71%, 0, 188, 13, 538.50, 1601362, 1828
2626, 0, 1374, 1524, 1286, 163, 3.71%, 0, 188, 13, 494.14, 1603846, 1828
2631, 0, 1374, 1524, 1286, 163, 3.71%, 0, 188, 13, 475.52, 1606276, 1828
2636, 0, 1374, 1524, 1286, 163, 3.71%, 0, 188, 13, 431.83, 1608567, 1828
2641, 0, 1374, 1524, 1286, 163, 3.71%, 0, 188, 13, 495.69, 1611055, 1828
2646, 0, 1374, 1525, 1287, 163, 3.71%, 0, 188, 13, 477.00, 1613546, 1828
2651, 0, 1374, 1525, 1287, 163, 3.71%, 0, 188, 13, 507.00, 1615667, 1828
2656, 0, 1374, 1526, 1288, 163, 3.72%, 0, 188, 13, 483.23, 1618036, 1831
2662, 0, 1374, 1526, 1288, 163, 3.72%, 0, 188, 13, 504.88, 1620547, 1831
2667, 0, 1374, 1527, 1289, 163, 3.72%, 0, 188, 13, 467.48, 1622957, 1831
2672, 0, 1374, 1527, 1289, 163, 3.72%, 0, 188, 13, 465.74, 1625393, 1831
2677, 0, 45, 1527, 1287, 162, 3.72%, 0, 188, 13, 568.17, 1628038, 1831
2682, 0, 1514, 1531, 1289, 160, 3.72%, 0, 188, 14, 328.35, 1630976, 1832
2687, 0, 1514, 1534, 1292, 160, 3.72%, 0, 188, 14, 442.27, 1633241, 1832
2692, 0, 1514, 1535, 1293, 160, 3.72%, 0, 188, 14, 475.01, 1635702, 1832
2697, 0, 1514, 1535, 1293, 160, 3.72%, 0, 188, 14, 482.01, 1638231, 1832
2703, 0, 1514, 1535, 1293, 160, 3.72%, 0, 188, 14, 515.25, 1640930, 1832
2708, 0, 1514, 1536, 1294, 160, 3.72%, 0, 188, 14, 501.14, 1643440, 1833
2713, 0, 1514, 1538, 1296, 160, 3.73%, 0, 188, 14, 464.22, 1645902, 1834
2718, 0, 1514, 1538, 1296, 160, 3.73%, 0, 188, 14, 463.97, 1648251, 1834
2723, 0, 1514, 1540, 1298, 160, 3.73%, 0, 188, 14, 435.82, 1650427, 1834
2728, 0, 1514, 1540, 1298, 160, 3.73%, 0, 188, 14, 464.50, 1652855, 1834
2733, 0, 1514, 1540, 1298, 160, 3.73%, 0, 188, 14, 333.62, 1654619, 1834
2738, 0, 1530, 1540, 1296, 163, 3.73%, 0, 189, 14, 167.65, 1656899, 1834
2743, 0, 1530, 1541, 1297, 163, 3.73%, 0, 189, 15, 328.18, 1658954, 1836
2749, 0, 1015, 1541, 1296, 163, 3.73%, 0, 189, 15, 379.54, 1660767, 1836
2754, 0, 1186, 1541, 1295, 162, 3.73%, 0, 190, 15, 472.16, 1663636, 1836
2759, 0, 1186, 1541, 1295, 162, 3.73%, 0, 190, 15, 152.88, 1664488, 1836
2764, 0, 1457, 1542, 1295, 161, 3.73%, 0, 190, 15, 326.37, 1666665, 1836
2769, 0, 1457, 1542, 1295, 161, 3.73%, 0, 190, 15, 86.31, 1667446, 1836
2774, 0, 1475, 1544, 1296, 160, 3.73%, 0, 191, 15, 568.07, 1669022, 1836
2779, 0, 1475, 1544, 1296, 160, 3.73%, 0, 191, 15, 911.77, 1670693, 1836
2784, 0, 1510, 1544, 1295, 159, 3.73%, 0, 191, 15, 194.17, 1671680, 1836
2789, 0, 1510, 1544, 1295, 159, 3.73%, 0, 191, 15, 285.29, 1673317, 1836
2795, 0, 1461, 1546, 1296, 158, 3.73%, 0, 192, 15, 295.77, 1674416, 1836
2800, 0, 1461, 1548, 1298, 158, 3.73%, 0, 192, 15, 420.27, 1676835, 1836
2805, 0, 1461, 1549, 1299, 158, 3.73%, 0, 192, 15, 483.55, 1679424, 1836
2810, 0, 1461, 1551, 1301, 158, 3.73%, 0, 192, 15, 467.28, 1681814, 1836
2815, 0, 1461, 1552, 1302, 158, 3.73%, 0, 193, 15, 430.61, 1683512, 1836
2820, 0, 1461, 1553, 1303, 158, 3.73%, 0, 193, 15, 398.90, 1685703, 1836
2825, 0, 1461, 1554, 1304, 158, 3.73%, 0, 193, 15, 427.07, 1687910, 1836
2830, 0, 1461, 1554, 1304, 158, 3.73%, 0, 193, 15, 460.58, 1690395, 1836
2836, 0, 1461, 1555, 1305, 158, 3.73%, 0, 193, 15, 470.24, 1692805, 1836
2841, 0, 1461, 1556, 1306, 158, 3.73%, 0, 193, 15, 450.80, 1695062, 1836
2846, 0, 1461, 1557, 1307, 158, 3.73%, 0, 193, 15, 439.85, 1697139, 1836
2851, 0, 1461, 1557, 1307, 158, 3.73%, 0, 193, 15, 78.84, 1699117, 1836
2856, 0, 1282, 1558, 1307, 159, 3.73%, 0, 194, 15, 263.05, 1700437, 1837
2861, 0, 1282, 1560, 1309, 159, 3.74%, 0, 194, 15, 401.74, 1702680, 1840
2866, 0, 1282, 1560, 1309, 159, 3.74%, 0, 194, 15, 430.84, 1704999, 1840
2871, 0, 1282, 1560, 1309, 159, 3.74%, 0, 194, 15, 389.94, 1707030, 1840
2876, 0, 701, 1562, 1305, 158, 3.75%, 0, 194, 15, 1285.64, 1712272, 1847
2881, 0, 1516, 1567, 1309, 157, 3.75%, 0, 195, 15, 524.47, 1714455, 1847
2887, 0, 1516, 1567, 1309, 157, 3.75%, 0, 195, 15, 472.02, 1716799, 1847
2892, 0, 1516, 1567, 1309, 157, 3.75%, 0, 195, 15, 515.82, 1719373, 1847
2897, 0, 1516, 1568, 1310, 157, 3.75%, 0, 195, 15, 461.90, 1721576, 1848
2902, 0, 1516, 1568, 1310, 157, 3.75%, 0, 195, 15, 467.39, 1723834, 1848
2907, 0, 1516, 1568, 1310, 157, 3.75%, 0, 195, 15, 499.71, 1726463, 1848
2912, 0, 1516, 1568, 1310, 157, 3.75%, 0, 195, 15, 455.10, 1728659, 1848
2917, 0, 1516, 1569, 1311, 157, 3.75%, 0, 195, 15, 497.64, 1731219, 1848
2922, 0, 1516, 1569, 1311, 157, 3.75%, 0, 195, 15, 470.28, 1733571, 1848
2927, 0, 1516, 1569, 1311, 157, 3.75%, 0, 195, 15, 442.61, 1735761, 1848
2932, 0, 1516, 1570, 1312, 157, 3.75%, 0, 196, 15, 572.98, 1737721, 1848
2937, 0, 1516, 1570, 1312, 157, 3.75%, 0, 196, 15, 69.85, 1739037, 1848
2943, 0, 1133, 1570, 1311, 157, 3.75%, 0, 196, 15, 75.76, 1740321, 1848
2948, 0, 1478, 1570, 1310, 156, 3.75%, 0, 197, 15, 69.08, 1740970, 1848
2953, 0, 1478, 1574, 1314, 156, 3.76%, 0, 197, 15, 498.34, 1743347, 1849
2958, 0, 1478, 1574, 1314, 156, 3.76%, 0, 197, 15, 474.08, 1745824, 1849
2963, 0, 1478, 1575, 1315, 156, 3.76%, 0, 197, 15, 440.23, 1748008, 1849
2968, 0, 1478, 1576, 1316, 156, 3.76%, 0, 197, 15, 459.59, 1750356, 1849
2973, 0, 1478, 1578, 1318, 156, 3.76%, 0, 197, 15, 409.17, 1752421, 1849
2978, 0, 1478, 1578, 1318, 156, 3.76%, 0, 197, 15, 388.68, 1754363, 1849
2985, 0, 1478, 1578, 1318, 156, 3.76%, 0, 198, 15, 61.78, 1756590, 1849
2990, 0, 1478, 1578, 1318, 156, 3.76%, 0, 198, 15, 392.46, 1758590, 1849
2995, 0, 1478, 1578, 1318, 156, 3.76%, 0, 198, 15, 439.78, 1760838, 1849
3000, 0, 1478, 1579, 1319, 156, 3.76%, 0, 199, 15, 476.20, 1762628, 1849
3005, 0, 1478, 1579, 1319, 156, 3.76%, 0, 199, 15, 468.02, 1764932, 1849
3010, 0, 1478, 1579, 1319, 156, 3.76%, 0, 199, 15, 97.03, 1766458, 1849
3015, 0, 1202, 1579, 1317, 156, 3.76%, 0, 199, 15, 21.67, 1768513, 1849
3020, 0, 1202, 1579, 1317, 156, 3.76%, 0, 199, 15, 65.11, 1769532, 1849
3026, 0, 1290, 1579, 1316, 155, 3.76%, 0, 200, 15, 68.59, 1770572, 1849
3031, 0, 1290, 1580, 1317, 155, 3.76%, 0, 200, 15, 610.00, 1772469, 1849
3036, 0, 1278, 1580, 1316, 154, 3.76%, 0, 201, 15, 396.49, 1774032, 1849
3041, 0, 910, 1580, 1314, 152, 3.76%, 0, 201, 15, 513.48, 1775898, 1849
3046, 0, 1508, 1580, 1313, 151, 3.76%, 0, 201, 15, 304.34, 1777534, 1849
3051, 0, 1220, 1580, 1312, 150, 3.76%, 0, 201, 15, 578.62, 1779103, 1849
3056, 0, 911, 1580, 1310, 148, 3.76%, 0, 202, 15, 61.54, 1781203, 1849
3062, 0, 1273, 1581, 1310, 147, 3.76%, 0, 202, 15, 256.92, 1782526, 1850
3067, 0, 1252, 1583, 1310, 147, 3.76%, 0, 202, 15, 630.06, 1785825, 1850
3072, 0, 1252, 1586, 1313, 147, 3.76%, 0, 202, 15, 503.74, 1788209, 1852
3077, 0, 1252, 1586, 1313, 147, 3.76%, 0, 202, 15, 394.44, 1790271, 1852
3082, 0, 1252, 1586, 1313, 147, 3.76%, 0, 202, 15, 405.18, 1792087, 1852
3087, 0, 1252, 1587, 1314, 147, 3.76%, 0, 202, 15, 77.89, 1792549, 1852
3092, 0, 1442, 1591, 1317, 148, 3.77%, 0, 203, 15, 427.10, 1794122, 1855
3098, 0, 1442, 1593, 1319, 148, 3.77%, 0, 204, 15, 53.56, 1796316, 1857
3103, 0, 1442, 1593, 1319, 148, 3.77%, 0, 204, 15, 469.98, 1798539, 1857
3108, 0, 1442, 1594, 1320, 148, 3.77%, 0, 204, 15, 458.72, 1800742, 1858
3113, 0, 1442, 1594, 1320, 148, 3.77%, 0, 205, 15, 442.54, 1802529, 1858
3118, 0, 1442, 1595, 1321, 148, 3.82%, 0, 205, 15, 427.07, 1804800, 1879
3123, 0, 1442, 1597, 1323, 148, 3.82%, 0, 205, 15, 447.46, 1807086, 1879
3128, 0, 1442, 1597, 1323, 148, 3.82%, 0, 205, 15, 452.50, 1809359, 1879
3134, 0, 1442, 1597, 1323, 148, 3.82%, 0, 205, 15, 436.41, 1811614, 1879
3139, 0, 1442, 1597, 1323, 148, 3.82%, 0, 206, 15, 420.25, 1813151, 1879
3144, 0, 1442, 1598, 1324, 148, 3.82%, 0, 206, 15, 438.51, 1815414, 1879
3149, 0, 1442, 1598, 1324, 148, 3.82%, 0, 206, 15, 458.51, 1817755, 1879
3154, 0, 1581, 1600, 1324, 148, 3.82%, 0, 206, 15, 799.71, 1821462, 1879
3159, 0, 1296, 1602, 1325, 148, 3.82%, 0, 206, 15, 478.19, 1824030, 1879
3164, 0, 1296, 1602, 1325, 148, 3.82%, 0, 206, 15, 49.02, 1825011, 1879
3169, 0, 1601, 1605, 1327, 147, 3.82%, 0, 206, 15, 493.85, 1826743, 1879
3175, 0, 1601, 1607, 1329, 147, 3.82%, 0, 206, 15, 475.28, 1829178, 1879
3180, 0, 1601, 1607, 1329, 147, 3.82%, 0, 206, 15, 462.46, 1831554, 1879
3185, 0, 1601, 1608, 1330, 147, 3.82%, 0, 206, 15, 494.80, 1834180, 1879
3190, 0, 1601, 1608, 1330, 147, 3.82%, 0, 206, 15, 462.62, 1836619, 1879
3195, 0, 1601, 1608, 1330, 147, 3.82%, 0, 206, 15, 521.43, 1839271, 1879
3200, 0, 1601, 1608, 1330, 147, 3.82%, 0, 206, 15, 474.83, 1841641, 1879
3205, 0, 1601, 1608, 1330, 147, 3.82%, 0, 206, 15, 489.93, 1844125, 1879
3210, 0, 1601, 1608, 1330, 147, 3.82%, 0, 206, 15, 505.63, 1846744, 1879
3215, 0, 1601, 1608, 1330, 147, 3.82%, 0, 206, 15, 476.14, 1849075, 1879
3221, 0, 1601, 1608, 1330, 147, 3.82%, 0, 206, 15, 555.66, 1850933, 1879
3226, 0, 1276, 1610, 1331, 148, 3.82%, 0, 206, 15, 205.51, 1852105, 1880
3231, 0, 1276, 1610, 1331, 148, 3.82%, 0, 208, 15, 36.29, 1853229, 1880
3236, 0, 1276, 1610, 1331, 148, 3.82%, 0, 208, 15, 431.82, 1854985, 1880
3241, 0, 1594, 1620, 1340, 148, 3.82%, 0, 210, 15, 64.61, 1856255, 1883
3247, 0, 1594, 1649, 1369, 148, 3.89%, 0, 211, 15, 467.93, 1857864, 1916
3252, 0, 1594, 1659, 1379, 148, 3.91%, 0, 213, 15, 413.85, 1858992, 1924
3258, 0, 1594, 1669, 1389, 148, 3.93%, 0, 215, 15, 56.50, 1860400, 1934
3263, 0, 1594, 1674, 1394, 148, 3.94%, 0, 217, 15, 500.10, 1861334, 1940
3268, 0, 1594, 1677, 1397, 148, 3.94%, 0, 219, 15, 569.42, 1862572, 1941
3273, 0, 1594, 1681, 1401, 148, 3.94%, 0, 220, 15, 410.57, 1864163, 1941
3278, 0, 1594, 1686, 1406, 148, 3.95%, 0, 221, 15, 418.55, 1866031, 1943
3284, 0, 1594, 1691, 1411, 148, 3.95%, 0, 222, 15, 15.77, 1868046, 1944
3289, 0, 1594, 1694, 1414, 148, 3.96%, 0, 222, 15, 398.99, 1870361, 1948
3294, 0, 1594, 1697, 1417, 148, 3.96%, 0, 222, 15, 451.64, 1872741, 1950
3299, 0, 1594, 1702, 1422, 148, 3.96%, 0, 223, 15, 423.54, 1874506, 1950
3304, 0, 1594, 1707, 1427, 148, 3.96%, 0, 224, 15, 414.55, 1875998, 1951
3309, 0, 1594, 1712, 1432, 148, 3.97%, 0, 226, 15, 352.65, 1877053, 1955
3314, 0, 1594, 1714, 1434, 148, 3.97%, 0, 228, 15, 14.76, 1878452, 1955
3320, 0, 1594, 1718, 1438, 148, 3.97%, 0, 228, 15, 422.27, 1880417, 1957
3325, 0, 1594, 1720, 1440, 148, 3.98%, 0, 228, 15, 72.28, 1882165, 1958
3330, 0, 1594, 1726, 1446, 148, 3.98%, 0, 228, 15, 356.26, 1883689, 1961
3335, 0, 1594, 1729, 1449, 148, 3.99%, 0, 229, 15, 339.10, 1885026, 1964
3340, 0, 1533, 1731, 1450, 186, 4.00%, 0, 229, 15, 415.41, 1887084, 1968
3345, 0, 1533, 1733, 1452, 186, 4.00%, 0, 229, 15, 502.76, 1889825, 1968
3350, 0, 1533, 1733, 1452, 186, 4.00%, 0, 229, 15, 476.82, 1892102, 1968
3355, 0, 1533, 1733, 1452, 186, 4.00%, 0, 229, 15, 76.27, 1894255, 1968
3361, 0, 1598, 1733, 1451, 185, 4.00%, 0, 229, 15, 677.57, 1896733, 1968
3366, 0, 1709, 1734, 1450, 184, 4.00%, 0, 229, 15, 58.62, 1899165, 1969
3371, 0, 1709, 1734, 1450, 184, 4.00%, 0, 230, 15, 68.06, 1900230, 1969
3376, 0, 1665, 1740, 1455, 183, 4.00%, 0, 230, 15, 489.88, 1902119, 1969
3382, 0, 1665, 1740, 1455, 183, 4.00%, 0, 230, 15, 425.99, 1904295, 1969
3387, 0, 1665, 1741, 1456, 183, 4.00%, 0, 231, 15, 40.10, 1905966, 1969
3392, 0, 1665, 1743, 1458, 183, 4.00%, 0, 231, 15, 387.43, 1908017, 1969
3397, 0, 1665, 1746, 1461, 183, 4.00%, 0, 231, 15, 390.62, 1910098, 1969
3402, 0, 1665, 1748, 1463, 183, 4.00%, 0, 231, 15, 423.86, 1912264, 1969
3407, 0, 1665, 1748, 1463, 183, 4.00%, 0, 231, 15, 420.83, 1914448, 1969
3413, 0, 1665, 1748, 1463, 183, 4.00%, 0, 232, 15, 457.29, 1916048, 1969
3418, 0, 1665, 1753, 1468, 183, 4.00%, 0, 232, 15, 436.52, 1918228, 1969
3423, 0, 1665, 1754, 1469, 183, 4.00%, 0, 232, 15, 428.51, 1920380, 1971
3428, 0, 1665, 1755, 1470, 183, 4.00%, 0, 234, 15, 380.79, 1921510, 1971
3433, 0, 1665, 1756, 1471, 183, 4.00%, 0, 234, 15, 402.69, 1923596, 1971
3438, 0, 1665, 1757, 1472, 183, 4.00%, 0, 234, 15, 435.93, 1925635, 1971
3443, 0, 1710, 1758, 1472, 183, 4.00%, 0, 234, 15, 409.56, 1926770, 1971
3448, 0, 1710, 1762, 1476, 183, 4.00%, 0, 234, 15, 480.34, 1928808, 1971
3453, 0, 1710, 1764, 1478, 183, 4.01%, 0, 234, 15, 445.14, 1931108, 1972
3458, 0, 1710, 1766, 1480, 183, 4.01%, 0, 235, 15, 456.22, 1933022, 1972
3463, 0, 1710, 1767, 1481, 183, 4.01%, 0, 235, 15, 459.58, 1935261, 1972
3468, 0, 1710, 1768, 1482, 183, 4.01%, 0, 235, 15, 411.65, 1937368, 1972
3473, 0, 1710, 1768, 1482, 183, 4.01%, 0, 235, 15, 443.96, 1939648, 1972
3478, 0, 1710, 1770, 1484, 183, 4.01%, 0, 236, 15, 409.91, 1941458, 1972
3485, 0, 1710, 1771, 1485, 183, 4.01%, 0, 237, 15, 81.83, 1943751, 1972
3490, 0, 1710, 1771, 1485, 183, 4.01%, 0, 237, 15, 442.09, 1945965, 1972
3495, 0, 1710, 1772, 1486, 183, 4.01%, 0, 237, 15, 427.30, 1948078, 1972
3500, 0, 1710, 1774, 1488, 183, 4.01%, 0, 237, 15, 460.87, 1950450, 1972
3505, 0, 1710, 1774, 1488, 183, 4.01%, 0, 237, 15, 485.72, 1952914, 1972
3510, 0, 1677, 1777, 1490, 182, 4.01%, 0, 237, 15, 483.34, 1955032, 1973
3515, 0, 1768, 1783, 1492, 180, 4.02%, 0, 237, 15, 450.45, 1958760, 1978
3520, 0, 1768, 1785, 1494, 180, 4.02%, 0, 237, 15, 452.40, 1961064, 1978
3526, 0, 1768, 1790, 1499, 180, 4.02%, 0, 237, 15, 439.79, 1963297, 1981
3531, 0, 1768, 1790, 1499, 180, 4.02%, 0, 238, 15, 20.92, 1965042, 1981
3536, 0, 1768, 1791, 1500, 180, 4.03%, 0, 238, 15, 460.83, 1967264, 1983
3541, 0, 1768, 1792, 1501, 180, 4.03%, 0, 239, 15, 411.82, 1968866, 1984
3546, 0, 1768, 1794, 1503, 180, 4.03%, 0, 239, 15, 435.81, 1971056, 1984
3551, 0, 1768, 1794, 1503, 180, 4.03%, 0, 239, 15, 424.62, 1973312, 1984
3556, 0, 1768, 1796, 1505, 180, 4.03%, 0, 239, 15, 439.28, 1975510, 1984
3561, 0, 1768, 1798, 1507, 180, 4.03%, 0, 239, 15, 414.00, 1977564, 1984
3567, 0, 1768, 1798, 1507, 180, 4.03%, 0, 239, 15, 445.15, 1979876, 1984
3573, 0, 1768, 1798, 1507, 180, 4.03%, 0, 241, 15, 35.89, 1981567, 1984
3578, 0, 1768, 1800, 1509, 180, 4.03%, 0, 241, 15, 891.49, 1983776, 1986
3583, 0, 1066, 1801, 1508, 181, 4.03%, 0, 241, 15, 851.38, 1986033, 1986
3588, 0, 1550, 1801, 1507, 180, 4.03%, 0, 241, 15, 284.60, 1987497, 1986
3593, 0, 1319, 1801, 1506, 179, 4.03%, 0, 241, 15, 438.44, 1990004, 1986
3599, 0, 1319, 1802, 1507, 179, 4.03%, 0, 241, 15, 112.45, 1990638, 1986
3604, 0, 1319, 1802, 1507, 179, 4.03%, 0, 241, 15, 83.27, 1991034, 1986
3609, 0, 1205, 1803, 1506, 177, 4.03%, 0, 241, 15, 461.74, 1993376, 1986
3614, 0, 1587, 1803, 1504, 175, 4.03%, 0, 241, 15, 54.38, 1995170, 1986
3619, 0, 1587, 1803, 1504, 175, 4.03%, 0, 241, 15, 221.73, 1997167, 1986
3624, 0, 1799, 1805, 1504, 174, 4.03%, 0, 241, 15, 424.65, 1999643, 1986
3629, 0, 1799, 1806, 1505, 174, 4.03%, 0, 241, 15, 486.12, 2002163, 1986
3634, 0, 1663, 1807, 1505, 173, 4.03%, 0, 241, 15, 241.37, 2003367, 1986
3634, 0, 1663, 1807, 1505, 173, 4.03%, 0, 241, 15, 254.93, 2003400, 1986
