# unix_time, cycles_done, cur_path, paths_total, pending_total, pending_favs, map_size, unique_crashes, unique_hangs, max_depth, execs_per_sec
1669734988, 0, 0, 2, 2, 2, 0.02%, 0, 0, 1, 941.18
1669734993, 0, 0, 5, 5, 2, 0.02%, 0, 0, 2, 1505.39
1669734998, 0, 2, 5, 3, 2, 0.02%, 0, 0, 2, 1602.62
1669735009, 0, 4, 5, 2, 1, 0.02%, 0, 0, 2, 1600.82
1669735014, 1, 3, 5, 1, 0, 0.02%, 0, 0, 2, 1639.35
1669735019, 1, 3, 6, 2, 0, 0.02%, 0, 0, 3, 1617.32
1669735024, 1, 5, 6, 1, 0, 0.02%, 0, 0, 3, 1596.15
1669735039, 4, 0, 6, 0, 0, 0.02%, 0, 0, 3, 1625.49
1669735044, 6, 5, 6, 0, 0, 0.02%, 0, 0, 3, 1685.83
1669735049, 9, 3, 6, 0, 0, 0.02%, 0, 0, 3, 1631.61
1669735054, 12, 2, 6, 0, 0, 0.02%, 0, 0, 3, 1700.64
1669735059, 14, 5, 6, 0, 0, 0.02%, 0, 0, 3, 1679.08
1669735065, 17, 4, 6, 0, 0, 0.02%, 0, 0, 3, 1710.04
1669735070, 20, 1, 6, 0, 0, 0.02%, 0, 0, 3, 1644.95
1669735075, 22, 5, 6, 0, 0, 0.02%, 0, 0, 3, 1691.20
1669735080, 25, 4, 6, 0, 0, 0.02%, 0, 0, 3, 1710.28
1669735085, 28, 2, 6, 0, 0, 0.02%, 0, 0, 3, 1715.24
1669735090, 31, 0, 6, 0, 0, 0.02%, 0, 0, 3, 1699.45
1669735096, 33, 5, 6, 0, 0, 0.02%, 0, 0, 3, 1691.90
1669735101, 36, 0, 6, 0, 0, 0.02%, 0, 0, 3, 1455.86
1669735106, 38, 3, 6, 0, 0, 0.02%, 0, 0, 3, 1536.64
1669735111, 41, 0, 6, 0, 0, 0.02%, 0, 0, 3, 1639.23
1669735116, 43, 4, 6, 0, 0, 0.02%, 0, 0, 3, 1601.98
1669735121, 46, 2, 6, 0, 0, 0.02%, 0, 0, 3, 1628.77
1669735126, 48, 5, 6, 0, 0, 0.02%, 0, 0, 3, 1658.63
1669735131, 51, 3, 6, 0, 0, 0.02%, 0, 0, 3, 1646.44
1669735136, 54, 0, 6, 0, 0, 0.02%, 0, 0, 3, 1628.77
1669735141, 56, 5, 6, 0, 0, 0.02%, 0, 0, 3, 1676.87
1669735146, 59, 4, 6, 0, 0, 0.02%, 0, 0, 3, 1685.27
1669735151, 62, 2, 6, 0, 0, 0.02%, 0, 0, 3, 1698.40
1669735156, 64, 5, 6, 0, 0, 0.02%, 0, 0, 3, 1688.85
1669735162, 67, 4, 6, 0, 0, 0.02%, 0, 0, 3, 1715.27
1669735167, 70, 4, 6, 0, 0, 0.02%, 0, 0, 3, 1719.28
1669735172, 73, 2, 6, 0, 0, 0.02%, 0, 0, 3, 1722.41
1669735177, 76, 0, 6, 0, 0, 0.02%, 0, 0, 3, 1714.07
1669735182, 78, 5, 6, 0, 0, 0.02%, 0, 0, 3, 1715.05
1669735188, 81, 4, 6, 0, 0, 0.02%, 0, 0, 3, 1697.69
1669735193, 84, 2, 6, 0, 0, 0.02%, 0, 0, 3, 1682.78
1669735198, 87, 1, 6, 0, 0, 0.02%, 0, 0, 3, 1713.72
1669735203, 89, 5, 6, 0, 0, 0.02%, 0, 0, 3, 1706.58
1669735208, 92, 2, 6, 0, 0, 0.02%, 0, 0, 3, 1670.85
1669735213, 95, 0, 6, 0, 0, 0.02%, 0, 0, 3, 1697.92
1669735218, 97, 5, 6, 0, 0, 0.02%, 0, 0, 3, 1699.76
1669735223, 100, 3, 6, 0, 0, 0.02%, 0, 0, 3, 1725.30
1669735229, 103, 2, 6, 0, 0, 0.02%, 0, 0, 3, 1711.71
1669735234, 105, 5, 6, 0, 0, 0.02%, 0, 0, 3, 1693.34
1669735239, 108, 4, 6, 0, 0, 0.02%, 0, 0, 3, 1701.03
1669735244, 111, 3, 6, 0, 0, 0.02%, 0, 0, 3, 1722.03
1669735249, 114, 1, 6, 0, 0, 0.02%, 0, 0, 3, 1718.23
1669735254, 116, 5, 6, 0, 0, 0.02%, 0, 0, 3, 1720.75
1669735259, 119, 3, 6, 0, 0, 0.02%, 0, 0, 3, 1722.83
1669735264, 122, 1, 6, 0, 0, 0.02%, 0, 0, 3, 1688.52
1669735269, 124, 5, 6, 0, 0, 0.02%, 0, 0, 3, 1698.56
1669735274, 127, 3, 6, 0, 0, 0.02%, 0, 0, 3, 1701.21
1669735279, 130, 2, 6, 0, 0, 0.02%, 0, 0, 3, 1727.15
1669735285, 133, 0, 6, 0, 0, 0.02%, 0, 0, 3, 1687.31
1669735290, 135, 4, 6, 0, 0, 0.02%, 0, 0, 3, 1707.08
1669735295, 138, 3, 6, 0, 0, 0.02%, 0, 0, 3, 1731.39
1669735300, 141, 0, 6, 0, 0, 0.02%, 0, 0, 3, 1725.55
1669735305, 143, 4, 6, 0, 0, 0.02%, 0, 0, 3, 1722.26
1669735310, 146, 3, 6, 0, 0, 0.02%, 0, 0, 3, 1722.47
1669735315, 149, 2, 6, 0, 0, 0.02%, 0, 0, 3, 1713.00
1669735320, 151, 5, 6, 0, 0, 0.02%, 0, 0, 3, 1675.10
1669735325, 154, 3, 6, 0, 0, 0.02%, 0, 0, 3, 1583.87
1669735331, 157, 0, 6, 0, 0, 0.02%, 0, 0, 3, 1643.79
1669735336, 159, 4, 6, 0, 0, 0.02%, 0, 0, 3, 1641.07
1669735341, 162, 0, 6, 0, 0, 0.02%, 0, 0, 3, 1540.05
1669735346, 164, 2, 6, 0, 0, 0.02%, 0, 0, 3, 1400.40
1669735351, 166, 5, 6, 0, 0, 0.02%, 0, 0, 3, 1485.23
1669735356, 169, 0, 6, 0, 0, 0.02%, 0, 0, 3, 1445.51
1669735361, 171, 3, 6, 0, 0, 0.02%, 0, 0, 3, 1544.44
1669735366, 174, 0, 6, 0, 0, 0.02%, 0, 0, 3, 1549.62
1669735372, 176, 3, 6, 0, 0, 0.02%, 0, 0, 3, 1534.35
1669735377, 178, 5, 6, 0, 0, 0.02%, 0, 0, 3, 1551.09
1669735382, 181, 3, 6, 0, 0, 0.02%, 0, 0, 3, 1622.01
1669735387, 184, 0, 6, 0, 0, 0.02%, 0, 0, 3, 1635.62
1669735392, 186, 4, 6, 0, 0, 0.02%, 0, 0, 3, 1634.18
1669735397, 189, 1, 6, 0, 0, 0.02%, 0, 0, 3, 1631.27
1669735402, 191, 4, 6, 0, 0, 0.02%, 0, 0, 3, 1586.24
1669735407, 194, 2, 6, 0, 0, 0.02%, 0, 0, 3, 1613.25
1669735412, 196, 5, 6, 0, 0, 0.02%, 0, 0, 3, 1620.78
1669735417, 199, 3, 6, 0, 0, 0.02%, 0, 0, 3, 1627.32
1669735422, 202, 0, 6, 0, 0, 0.02%, 0, 0, 3, 1631.85
1669735427, 204, 4, 6, 0, 0, 0.02%, 0, 0, 3, 1630.01
1669735432, 207, 2, 6, 0, 0, 0.02%, 0, 0, 3, 1620.69
1669735437, 209, 4, 6, 0, 0, 0.02%, 0, 0, 3, 1622.50
1669735443, 212, 3, 6, 0, 0, 0.02%, 0, 0, 3, 1603.65
1669735448, 214, 5, 6, 0, 0, 0.02%, 0, 0, 3, 1599.23
1669735453, 217, 3, 6, 0, 0, 0.02%, 0, 0, 3, 1628.20
1669735458, 220, 0, 6, 0, 0, 0.02%, 0, 0, 3, 1621.11
1669735463, 222, 4, 6, 0, 0, 0.02%, 0, 0, 3, 1629.29
1669735468, 225, 2, 6, 0, 0, 0.02%, 0, 0, 3, 1651.59
1669735473, 227, 4, 6, 0, 0, 0.02%, 0, 0, 3, 1623.52
1669735478, 230, 2, 6, 0, 0, 0.02%, 0, 0, 3, 1617.47
1669735483, 232, 5, 6, 0, 0, 0.02%, 0, 0, 3, 1649.54
1669735488, 235, 3, 6, 0, 0, 0.02%, 0, 0, 3, 1670.19
1669735493, 238, 0, 6, 0, 0, 0.02%, 0, 0, 3, 1648.07
1669735498, 240, 4, 6, 0, 0, 0.02%, 0, 0, 3, 1633.43
1669735503, 243, 2, 6, 0, 0, 0.02%, 0, 0, 3, 1661.01
1669735508, 245, 5, 6, 0, 0, 0.02%, 0, 0, 3, 1657.17
1669735513, 248, 4, 6, 0, 0, 0.02%, 0, 0, 3, 1686.34
1669735518, 251, 2, 6, 0, 0, 0.02%, 0, 0, 3, 1680.42
1669735523, 253, 5, 6, 0, 0, 0.02%, 0, 0, 3, 1660.45
1669735528, 256, 4, 6, 0, 0, 0.02%, 0, 0, 3, 1628.87
1669735533, 259, 1, 6, 0, 0, 0.02%, 0, 0, 3, 1633.46
1669735538, 261, 4, 6, 0, 0, 0.02%, 0, 0, 3, 1591.98
1669735544, 264, 2, 6, 0, 0, 0.02%, 0, 0, 3, 1593.44
1669735549, 266, 5, 6, 0, 0, 0.02%, 0, 0, 3, 1595.47
1669735554, 269, 3, 6, 0, 0, 0.02%, 0, 0, 3, 1641.42
1669735559, 272, 0, 6, 0, 0, 0.02%, 0, 0, 3, 1646.06
1669735564, 274, 3, 6, 0, 0, 0.02%, 0, 0, 3, 1609.15
1669735569, 277, 0, 6, 0, 0, 0.02%, 0, 0, 3, 1656.11
1669735574, 279, 5, 6, 0, 0, 0.02%, 0, 0, 3, 1702.25
1669735579, 282, 4, 6, 0, 0, 0.02%, 0, 0, 3, 1704.97
1669735584, 285, 3, 6, 0, 0, 0.02%, 0, 0, 3, 1691.10
1669735590, 288, 2, 6, 0, 0, 0.02%, 0, 0, 3, 1695.38
1669735595, 290, 5, 6, 0, 0, 0.02%, 0, 0, 3, 1702.25
1669735600, 293, 2, 6, 0, 0, 0.02%, 0, 0, 3, 1562.48
1669735605, 295, 4, 6, 0, 0, 0.02%, 0, 0, 3, 1574.03
1669735610, 298, 2, 6, 0, 0, 0.02%, 0, 0, 3, 1616.58
1669735615, 301, 0, 6, 0, 0, 0.02%, 0, 0, 3, 1639.94
1669735620, 303, 3, 6, 0, 0, 0.02%, 0, 0, 3, 1556.38
1669735625, 306, 0, 6, 0, 0, 0.02%, 0, 0, 3, 1591.05
1669735630, 308, 3, 6, 0, 0, 0.02%, 0, 0, 3, 1551.40
1669735635, 310, 5, 6, 0, 0, 0.02%, 0, 0, 3, 1413.12
1669735641, 313, 3, 6, 0, 0, 0.02%, 0, 0, 3, 1615.65
1669735646, 316, 2, 6, 0, 0, 0.02%, 0, 0, 3, 1681.63
1669735651, 318, 5, 6, 0, 0, 0.02%, 0, 0, 3, 1709.35
1669735656, 321, 3, 6, 0, 0, 0.02%, 0, 0, 3, 1711.00
1669735661, 324, 2, 6, 0, 0, 0.02%, 0, 0, 3, 1713.27
1669735666, 327, 0, 6, 0, 0, 0.02%, 0, 0, 3, 1710.51
1669735671, 329, 4, 6, 0, 0, 0.02%, 0, 0, 3, 1674.81
1669735676, 332, 3, 6, 0, 0, 0.02%, 0, 0, 3, 1716.64
1669735682, 335, 2, 6, 0, 0, 0.02%, 0, 0, 3, 1718.84
1669735687, 338, 2, 6, 0, 0, 0.02%, 0, 0, 3, 1720.20
1669735692, 341, 0, 6, 0, 0, 0.02%, 0, 0, 3, 1724.49
1669735697, 343, 4, 6, 0, 0, 0.02%, 0, 0, 3, 1729.84
1669735702, 346, 3, 6, 0, 0, 0.02%, 0, 0, 3, 1729.49
1669735707, 349, 0, 6, 0, 0, 0.02%, 0, 0, 3, 1685.15
1669735712, 351, 5, 6, 0, 0, 0.02%, 0, 0, 3, 1701.66
1669735717, 354, 4, 6, 0, 0, 0.02%, 0, 0, 3, 1701.68
1669735723, 357, 3, 6, 0, 0, 0.02%, 0, 0, 3, 1707.37
1669735728, 360, 2, 6, 0, 0, 0.02%, 0, 0, 3, 1708.00
1669735733, 363, 0, 6, 0, 0, 0.02%, 0, 0, 3, 1712.91
1669735738, 365, 5, 6, 0, 0, 0.02%, 0, 0, 3, 1686.12
1669735743, 368, 1, 6, 0, 0, 0.02%, 0, 0, 3, 1438.02
1669735748, 370, 5, 6, 0, 0, 0.02%, 0, 0, 3, 1635.40
1669735754, 373, 3, 6, 0, 0, 0.02%, 0, 0, 3, 1665.62
1669735759, 376, 1, 6, 0, 0, 0.02%, 0, 0, 3, 1644.83
1669735764, 378, 5, 6, 0, 0, 0.02%, 0, 0, 3, 1668.53
1669735769, 381, 3, 6, 0, 0, 0.02%, 0, 0, 3, 1617.09
1669735774, 384, 0, 6, 0, 0, 0.02%, 0, 0, 3, 1633.60
1669735779, 386, 3, 6, 0, 0, 0.02%, 0, 0, 3, 1621.62
1669735784, 388, 5, 6, 0, 0, 0.02%, 0, 0, 3, 1489.47
1669735789, 391, 2, 6, 0, 0, 0.02%, 0, 0, 3, 1546.15
1669735794, 393, 4, 6, 0, 0, 0.02%, 0, 0, 3, 1574.24
1669735799, 396, 2, 6, 0, 0, 0.02%, 0, 0, 3, 1602.19
1669735804, 398, 5, 6, 0, 0, 0.02%, 0, 0, 3, 1633.80
1669735809, 401, 3, 6, 0, 0, 0.02%, 0, 0, 3, 1626.37
1669735814, 404, 0, 6, 0, 0, 0.02%, 0, 0, 3, 1648.99
1669735820, 406, 5, 6, 0, 0, 0.02%, 0, 0, 3, 1696.44
1669735825, 409, 4, 6, 0, 0, 0.02%, 0, 0, 3, 1697.06
1669735830, 412, 2, 6, 0, 0, 0.02%, 0, 0, 3, 1692.96
1669735835, 415, 1, 6, 0, 0, 0.02%, 0, 0, 3, 1689.50
1669735840, 417, 4, 6, 0, 0, 0.02%, 0, 0, 3, 1631.87
1669735845, 420, 2, 6, 0, 0, 0.02%, 0, 0, 3, 1656.85
1669735850, 422, 5, 6, 0, 0, 0.02%, 0, 0, 3, 1670.05
1669735856, 425, 4, 6, 0, 0, 0.02%, 0, 0, 3, 1684.70
1669735861, 428, 2, 6, 0, 0, 0.02%, 0, 0, 3, 1601.96
1669735866, 431, 0, 6, 0, 0, 0.02%, 0, 0, 3, 1653.14
1669735871, 433, 4, 6, 0, 0, 0.02%, 0, 0, 3, 1700.34
1669735876, 436, 2, 6, 0, 0, 0.02%, 0, 0, 3, 1689.31
1669735881, 438, 5, 6, 0, 0, 0.02%, 0, 0, 3, 1656.88
1669735886, 441, 3, 6, 0, 0, 0.02%, 0, 0, 3, 1666.06
1669735891, 444, 2, 6, 0, 0, 0.02%, 0, 0, 3, 1687.75
1669735896, 446, 4, 6, 0, 0, 0.02%, 0, 0, 3, 1685.42
1669735902, 449, 4, 6, 0, 0, 0.02%, 0, 0, 3, 1710.76
1669735907, 452, 3, 6, 0, 0, 0.02%, 0, 0, 3, 1652.10
1669735912, 454, 5, 6, 0, 0, 0.02%, 0, 0, 3, 1640.81
1669735917, 457, 4, 6, 0, 0, 0.02%, 0, 0, 3, 1671.47
1669735922, 460, 2, 6, 0, 0, 0.02%, 0, 0, 3, 1681.37
1669735927, 462, 5, 6, 0, 0, 0.02%, 0, 0, 3, 1638.60
1669735932, 465, 4, 6, 0, 0, 0.02%, 0, 0, 3, 1673.59
1669735937, 468, 2, 6, 0, 0, 0.02%, 0, 0, 3, 1670.95
1669735942, 470, 5, 6, 0, 0, 0.02%, 0, 0, 3, 1670.17
1669735947, 473, 3, 6, 0, 0, 0.02%, 0, 0, 3, 1670.38
1669735952, 476, 1, 6, 0, 0, 0.02%, 0, 0, 3, 1677.56
1669735958, 478, 5, 6, 0, 0, 0.02%, 0, 0, 3, 1672.00
1669735963, 481, 3, 6, 0, 0, 0.02%, 0, 0, 3, 1659.75
1669735968, 484, 0, 6, 0, 0, 0.02%, 0, 0, 3, 1577.73
1669735973, 486, 3, 6, 0, 0, 0.02%, 0, 0, 3, 1555.89
1669735978, 488, 5, 6, 0, 0, 0.02%, 0, 0, 3, 1617.35
1669735983, 491, 3, 6, 0, 0, 0.02%, 0, 0, 3, 1613.40
1669735988, 494, 0, 6, 0, 0, 0.02%, 0, 0, 3, 1662.78
1669735993, 496, 5, 6, 0, 0, 0.02%, 0, 0, 3, 1678.56
1669735998, 499, 3, 6, 0, 0, 0.02%, 0, 0, 3, 1684.73
1669736003, 502, 0, 6, 0, 0, 0.02%, 0, 0, 3, 1609.07
1669736008, 504, 4, 6, 0, 0, 0.02%, 0, 0, 3, 1655.53
1669736013, 507, 2, 6, 0, 0, 0.02%, 0, 0, 3, 1650.10
1669736018, 509, 5, 6, 0, 0, 0.02%, 0, 0, 3, 1674.44
1669736023, 512, 2, 6, 0, 0, 0.02%, 0, 0, 3, 1581.17
1669736028, 514, 5, 6, 0, 0, 0.02%, 0, 0, 3, 1598.22
1669736033, 517, 2, 6, 0, 0, 0.02%, 0, 0, 3, 1647.75
1669736038, 519, 4, 6, 0, 0, 0.02%, 0, 0, 3, 1571.84
1669736043, 522, 2, 6, 0, 0, 0.02%, 0, 0, 3, 1544.20
1669736049, 524, 5, 6, 0, 0, 0.02%, 0, 0, 3, 1633.54
1669736054, 527, 2, 6, 0, 0, 0.02%, 0, 0, 3, 1533.60
1669736059, 529, 5, 6, 0, 0, 0.02%, 0, 0, 3, 1637.38
1669736064, 532, 3, 6, 0, 0, 0.02%, 0, 0, 3, 1662.92
1669736069, 534, 5, 6, 0, 0, 0.02%, 0, 0, 3, 1651.78
1669736074, 537, 4, 6, 0, 0, 0.02%, 0, 0, 3, 1678.22
1669736079, 540, 2, 6, 0, 0, 0.02%, 0, 0, 3, 1622.03
1669736084, 542, 4, 6, 0, 0, 0.02%, 0, 0, 3, 1639.37
1669736089, 545, 2, 6, 0, 0, 0.02%, 0, 0, 3, 1667.75
1669736094, 548, 0, 6, 0, 0, 0.02%, 0, 0, 3, 1688.96
1669736099, 550, 5, 6, 0, 0, 0.02%, 0, 0, 3, 1690.52
1669736104, 553, 3, 6, 0, 0, 0.02%, 0, 0, 3, 1656.00
1669736109, 555, 5, 6, 0, 0, 0.02%, 0, 0, 3, 1571.35
1669736114, 558, 3, 6, 0, 0, 0.02%, 0, 0, 3, 1661.62
1669736119, 561, 0, 6, 0, 0, 0.02%, 0, 0, 3, 1682.16
1669736124, 563, 4, 6, 0, 0, 0.02%, 0, 0, 3, 1698.24
1669736129, 566, 2, 6, 0, 0, 0.02%, 0, 0, 3, 1625.72
1669736134, 568, 5, 6, 0, 0, 0.02%, 0, 0, 3, 1652.63
1669736140, 571, 4, 6, 0, 0, 0.02%, 0, 0, 3, 1688.74
1669736145, 574, 2, 6, 0, 0, 0.02%, 0, 0, 3, 1688.04
1669736150, 577, 1, 6, 0, 0, 0.02%, 0, 0, 3, 1697.14
1669736155, 579, 4, 6, 0, 0, 0.02%, 0, 0, 3, 1665.78
1669736160, 582, 3, 6, 0, 0, 0.02%, 0, 0, 3, 1678.10
1669736165, 585, 0, 6, 0, 0, 0.02%, 0, 0, 3, 1654.42
1669736170, 587, 4, 6, 0, 0, 0.02%, 0, 0, 3, 1672.90
1669736175, 590, 2, 6, 0, 0, 0.02%, 0, 0, 3, 1687.24
1669736181, 593, 0, 6, 0, 0, 0.02%, 0, 0, 3, 1679.77
1669736186, 595, 4, 6, 0, 0, 0.02%, 0, 0, 3, 1691.62
1669736191, 598, 2, 6, 0, 0, 0.02%, 0, 0, 3, 1660.65
1669736196, 600, 5, 6, 0, 0, 0.02%, 0, 0, 3, 1696.53
1669736201, 603, 4, 6, 0, 0, 0.02%, 0, 0, 3, 1703.70
1669736206, 606, 2, 6, 0, 0, 0.02%, 0, 0, 3, 1593.56
1669736211, 608, 4, 6, 0, 0, 0.02%, 0, 0, 3, 1604.83
1669736216, 611, 2, 6, 0, 0, 0.02%, 0, 0, 3, 1661.85
1669736222, 614, 0, 6, 0, 0, 0.02%, 0, 0, 3, 1663.28
1669736227, 616, 5, 6, 0, 0, 0.02%, 0, 0, 3, 1681.37
1669736232, 619, 3, 6, 0, 0, 0.02%, 0, 0, 3, 1680.84
1669736237, 622, 0, 6, 0, 0, 0.02%, 0, 0, 3, 1660.29
1669736242, 624, 4, 6, 0, 0, 0.02%, 0, 0, 3, 1660.18
1669736247, 627, 2, 6, 0, 0, 0.02%, 0, 0, 3, 1617.29
1669736252, 629, 5, 6, 0, 0, 0.02%, 0, 0, 3, 1619.76
1669736257, 632, 2, 6, 0, 0, 0.02%, 0, 0, 3, 1644.45
1669736262, 634, 5, 6, 0, 0, 0.02%, 0, 0, 3, 1560.24
1669736267, 637, 2, 6, 0, 0, 0.02%, 0, 0, 3, 1459.80
1669736273, 639, 5, 6, 0, 0, 0.02%, 0, 0, 3, 1574.85
1669736278, 642, 3, 6, 0, 0, 0.02%, 0, 0, 3, 1552.12
1669736283, 644, 5, 6, 0, 0, 0.02%, 0, 0, 3, 1563.07
1669736288, 647, 3, 6, 0, 0, 0.02%, 0, 0, 3, 1561.39
1669736293, 650, 0, 6, 0, 0, 0.02%, 0, 0, 3, 1561.63
1669736298, 652, 3, 6, 0, 0, 0.02%, 0, 0, 3, 1598.12
1669736303, 655, 0, 6, 0, 0, 0.02%, 0, 0, 3, 1619.50
1669736308, 657, 4, 6, 0, 0, 0.02%, 0, 0, 3, 1597.06
1669736314, 660, 0, 6, 0, 0, 0.02%, 0, 0, 3, 1551.55
1669736319, 662, 3, 6, 0, 0, 0.02%, 0, 0, 3, 1526.28
1669736324, 664, 5, 6, 0, 0, 0.02%, 0, 0, 3, 1539.61
1669736329, 667, 2, 6, 0, 0, 0.02%, 0, 0, 3, 1586.16
1669736334, 669, 5, 6, 0, 0, 0.02%, 0, 0, 3, 1669.14
1669736339, 672, 4, 6, 0, 0, 0.02%, 0, 0, 3, 1690.42
1669736344, 675, 2, 6, 0, 0, 0.02%, 0, 0, 3, 1694.34
1669736349, 678, 0, 6, 0, 0, 0.02%, 0, 0, 3, 1659.88
1669736355, 680, 4, 6, 0, 0, 0.02%, 0, 0, 3, 1675.64
1669736360, 683, 2, 6, 0, 0, 0.02%, 0, 0, 3, 1659.82
1669736365, 685, 5, 6, 0, 0, 0.02%, 0, 0, 3, 1604.89
1669736370, 688, 3, 6, 0, 0, 0.02%, 0, 0, 3, 1662.86
1669736375, 691, 1, 6, 0, 0, 0.02%, 0, 0, 3, 1658.28
1669736380, 693, 5, 6, 0, 0, 0.02%, 0, 0, 3, 1668.55
1669736385, 696, 3, 6, 0, 0, 0.02%, 0, 0, 3, 1619.67
1669736390, 698, 5, 6, 0, 0, 0.02%, 0, 0, 3, 1624.43
1669736395, 701, 3, 6, 0, 0, 0.02%, 0, 0, 3, 1659.72
1669736400, 704, 2, 6, 0, 0, 0.02%, 0, 0, 3, 1682.53
1669736405, 706, 5, 6, 0, 0, 0.02%, 0, 0, 3, 1700.18
1669736410, 709, 4, 6, 0, 0, 0.02%, 0, 0, 3, 1645.17
1669736416, 712, 3, 6, 0, 0, 0.02%, 0, 0, 3, 1666.11
1669736421, 715, 1, 6, 0, 0, 0.02%, 0, 0, 3, 1642.74
1669736426, 717, 4, 6, 0, 0, 0.02%, 0, 0, 3, 1670.65
1669736431, 720, 2, 6, 0, 0, 0.02%, 0, 0, 3, 1621.81
1669736436, 722, 4, 6, 0, 0, 0.02%, 0, 0, 3, 1533.20
1669736441, 725, 2, 6, 0, 0, 0.02%, 0, 0, 3, 1594.56
1669736446, 727, 5, 6, 0, 0, 0.02%, 0, 0, 3, 1623.44
1669736451, 730, 2, 6, 0, 0, 0.02%, 0, 0, 3, 1610.28
1669736456, 732, 5, 6, 0, 0, 0.02%, 0, 0, 3, 1630.24
1669736462, 735, 4, 6, 0, 0, 0.02%, 0, 0, 3, 1632.90
1669736467, 738, 2, 6, 0, 0, 0.02%, 0, 0, 3, 1638.96
1669736472, 740, 5, 6, 0, 0, 0.02%, 0, 0, 3, 1654.10
1669736477, 743, 3, 6, 0, 0, 0.02%, 0, 0, 3, 1693.46
1669736482, 746, 1, 6, 0, 0, 0.02%, 0, 0, 3, 1642.87
1669736487, 748, 5, 6, 0, 0, 0.02%, 0, 0, 3, 1680.45
1669736492, 751, 3, 6, 0, 0, 0.02%, 0, 0, 3, 1663.86
1669736497, 754, 0, 6, 0, 0, 0.02%, 0, 0, 3, 1660.53
1669736502, 756, 4, 6, 0, 0, 0.02%, 0, 0, 3, 1647.65
1669736507, 759, 0, 6, 0, 0, 0.02%, 0, 0, 3, 1634.71
1669736512, 761, 4, 6, 0, 0, 0.02%, 0, 0, 3, 1561.41
1669736517, 764, 2, 6, 0, 0, 0.02%, 0, 0, 3, 1671.32
1669736522, 766, 5, 6, 0, 0, 0.02%, 0, 0, 3, 1694.01
1669736527, 769, 4, 6, 0, 0, 0.02%, 0, 0, 3, 1703.42
1669736532, 772, 2, 6, 0, 0, 0.02%, 0, 0, 3, 1696.71
1669736537, 774, 5, 6, 0, 0, 0.02%, 0, 0, 3, 1690.79
1669736543, 777, 4, 6, 0, 0, 0.02%, 0, 0, 3, 1708.86
1669736548, 780, 2, 6, 0, 0, 0.02%, 0, 0, 3, 1681.20
1669736553, 782, 5, 6, 0, 0, 0.02%, 0, 0, 3, 1663.82
1669736558, 785, 4, 6, 0, 0, 0.02%, 0, 0, 3, 1677.46
1669736563, 788, 2, 6, 0, 0, 0.02%, 0, 0, 3, 1680.21
1669736568, 790, 5, 6, 0, 0, 0.02%, 0, 0, 3, 1691.41
1669736573, 793, 5, 6, 0, 0, 0.02%, 0, 0, 3, 1694.29
1669736578, 796, 3, 6, 0, 0, 0.02%, 0, 0, 3, 1724.75
1669736583, 799, 0, 6, 0, 0, 0.02%, 0, 0, 3, 1655.03
1669736589, 801, 5, 6, 0, 0, 0.02%, 0, 0, 3, 1684.96
1669736594, 804, 3, 6, 0, 0, 0.02%, 0, 0, 3, 1721.74
1669736599, 807, 2, 6, 0, 0, 0.02%, 0, 0, 3, 1736.55
1669736604, 810, 0, 6, 0, 0, 0.02%, 0, 0, 3, 1726.09
1669736609, 812, 4, 6, 0, 0, 0.02%, 0, 0, 3, 1732.69
1669736614, 815, 4, 6, 0, 0, 0.02%, 0, 0, 3, 1730.28
1669736619, 818, 3, 6, 0, 0, 0.02%, 0, 0, 3, 1741.62
1669736624, 821, 0, 6, 0, 0, 0.02%, 0, 0, 3, 1714.27
1669736630, 823, 5, 6, 0, 0, 0.02%, 0, 0, 3, 1712.65
1669736635, 826, 4, 6, 0, 0, 0.02%, 0, 0, 3, 1718.77
1669736640, 829, 3, 6, 0, 0, 0.02%, 0, 0, 3, 1729.12
1669736645, 832, 2, 6, 0, 0, 0.02%, 0, 0, 3, 1733.86
1669736650, 835, 1, 6, 0, 0, 0.02%, 0, 0, 3, 1729.55
1669736655, 838, 0, 6, 0, 0, 0.02%, 0, 0, 3, 1725.79
1669736661, 840, 5, 6, 0, 0, 0.02%, 0, 0, 3, 1737.17
1669736666, 843, 4, 6, 0, 0, 0.02%, 0, 0, 3, 1736.01
1669736671, 846, 3, 6, 0, 0, 0.02%, 0, 0, 3, 1725.33
1669736676, 849, 2, 6, 0, 0, 0.02%, 0, 0, 3, 1732.05
1669736681, 851, 5, 6, 0, 0, 0.02%, 0, 0, 3, 1727.78
1669736686, 854, 4, 6, 0, 0, 0.02%, 0, 0, 3, 1723.22
1669736691, 857, 3, 6, 0, 0, 0.02%, 0, 0, 3, 1712.48
1669736696, 860, 0, 6, 0, 0, 0.02%, 0, 0, 3, 1716.42
1669736702, 862, 5, 6, 0, 0, 0.02%, 0, 0, 3, 1723.64
1669736707, 865, 3, 6, 0, 0, 0.02%, 0, 0, 3, 1739.58
1669736712, 868, 2, 6, 0, 0, 0.02%, 0, 0, 3, 1733.91
1669736717, 870, 5, 6, 0, 0, 0.02%, 0, 0, 3, 1733.82
1669736722, 873, 4, 6, 0, 0, 0.02%, 0, 0, 3, 1729.84
1669736727, 876, 4, 6, 0, 0, 0.02%, 0, 0, 3, 1729.56
1669736732, 879, 2, 6, 0, 0, 0.02%, 0, 0, 3, 1731.50
1669736737, 881, 5, 6, 0, 0, 0.02%, 0, 0, 3, 1736.87
1669736742, 884, 4, 6, 0, 0, 0.02%, 0, 0, 3, 1732.22
1669736747, 887, 3, 6, 0, 0, 0.02%, 0, 0, 3, 1728.40
1669736752, 890, 1, 6, 0, 0, 0.02%, 0, 0, 3, 1624.81
1669736757, 892, 0, 6, 0, 0, 0.02%, 0, 0, 3, 1332.28
1669736762, 894, 4, 6, 0, 0, 0.02%, 0, 0, 3, 1555.29
1669736768, 897, 0, 6, 0, 0, 0.02%, 0, 0, 3, 1509.89
1669736773, 899, 3, 6, 0, 0, 0.02%, 0, 0, 3, 1518.42
1669736778, 902, 0, 6, 0, 0, 0.02%, 0, 0, 3, 1615.02
1669736783, 904, 4, 6, 0, 0, 0.02%, 0, 0, 3, 1673.69
1669736788, 907, 3, 6, 0, 0, 0.02%, 0, 0, 3, 1693.33
1669736793, 910, 2, 6, 0, 0, 0.02%, 0, 0, 3, 1684.00
1669736798, 912, 4, 6, 0, 0, 0.02%, 0, 0, 3, 1549.83
1669736803, 915, 2, 6, 0, 0, 0.02%, 0, 0, 3, 1562.53
1669736808, 917, 5, 6, 0, 0, 0.02%, 0, 0, 3, 1651.82
1669736813, 920, 3, 6, 0, 0, 0.02%, 0, 0, 3, 1610.18
1669736818, 923, 0, 6, 0, 0, 0.02%, 0, 0, 3, 1668.35
1669736824, 925, 4, 6, 0, 0, 0.02%, 0, 0, 3, 1656.04
1669736829, 928, 0, 6, 0, 0, 0.02%, 0, 0, 3, 1586.42
1669736834, 930, 3, 6, 0, 0, 0.02%, 0, 0, 3, 1560.43
1669736839, 932, 5, 6, 0, 0, 0.02%, 0, 0, 3, 1477.55
1669736844, 935, 2, 6, 0, 0, 0.02%, 0, 0, 3, 1577.23
1669736849, 937, 4, 6, 0, 0, 0.02%, 0, 0, 3, 1627.47
1669736854, 940, 3, 6, 0, 0, 0.02%, 0, 0, 3, 1656.22
1669736859, 943, 1, 6, 0, 0, 0.02%, 0, 0, 3, 1689.61
1669736864, 945, 5, 6, 0, 0, 0.02%, 0, 0, 3, 1672.31
1669736869, 948, 3, 6, 0, 0, 0.02%, 0, 0, 3, 1690.04
1669736875, 951, 0, 6, 0, 0, 0.02%, 0, 0, 3, 1690.20
1669736880, 953, 4, 6, 0, 0, 0.02%, 0, 0, 3, 1684.39
1669736885, 956, 3, 6, 0, 0, 0.02%, 0, 0, 3, 1704.78
1669736890, 958, 5, 6, 0, 0, 0.02%, 0, 0, 3, 1670.07
1669736895, 961, 4, 6, 0, 0, 0.02%, 0, 0, 3, 1661.78
1669736900, 964, 1, 6, 0, 0, 0.02%, 0, 0, 3, 1562.60
1669736905, 966, 4, 6, 0, 0, 0.02%, 0, 0, 3, 1590.84
1669736910, 969, 2, 6, 0, 0, 0.02%, 0, 0, 3, 1585.47
1669736915, 971, 5, 6, 0, 0, 0.02%, 0, 0, 3, 1642.69
1669736920, 974, 3, 6, 0, 0, 0.02%, 0, 0, 3, 1635.60
1669736925, 976, 5, 6, 0, 0, 0.02%, 0, 0, 3, 1628.68
1669736931, 979, 4, 6, 0, 0, 0.02%, 0, 0, 3, 1589.39
1669736936, 982, 0, 6, 0, 0, 0.02%, 0, 0, 3, 1527.99
1669736941, 984, 4, 6, 0, 0, 0.02%, 0, 0, 3, 1657.01
1669736946, 987, 3, 6, 0, 0, 0.02%, 0, 0, 3, 1634.82
1669736951, 990, 1, 6, 0, 0, 0.02%, 0, 0, 3, 1663.22
1669736956, 992, 5, 6, 0, 0, 0.02%, 0, 0, 3, 1693.08
1669736961, 995, 4, 6, 0, 0, 0.02%, 0, 0, 3, 1720.22
1669736966, 998, 3, 6, 0, 0, 0.02%, 0, 0, 3, 1711.92
1669736972, 1001, 2, 6, 0, 0, 0.02%, 0, 0, 3, 1714.30
1669736977, 1004, 0, 6, 0, 0, 0.02%, 0, 0, 3, 1737.09
1669736982, 1006, 4, 6, 0, 0, 0.02%, 0, 0, 3, 1689.69
1669736987, 1009, 2, 6, 0, 0, 0.02%, 0, 0, 3, 1654.26
1669736992, 1012, 0, 6, 0, 0, 0.02%, 0, 0, 3, 1706.22
1669736997, 1014, 5, 6, 0, 0, 0.02%, 0, 0, 3, 1726.16
1669737002, 1017, 5, 6, 0, 0, 0.02%, 0, 0, 3, 1704.35
1669737007, 1020, 3, 6, 0, 0, 0.02%, 0, 0, 3, 1632.75
1669737012, 1022, 5, 6, 0, 0, 0.02%, 0, 0, 3, 1601.70
1669737017, 1025, 3, 6, 0, 0, 0.02%, 0, 0, 3, 1637.27
1669737022, 1028, 0, 6, 0, 0, 0.02%, 0, 0, 3, 1652.24
1669737028, 1030, 4, 6, 0, 0, 0.02%, 0, 0, 3, 1596.36
1669737033, 1033, 2, 6, 0, 0, 0.02%, 0, 0, 3, 1588.72
1669737038, 1035, 4, 6, 0, 0, 0.02%, 0, 0, 3, 1526.79
1669737043, 1038, 1, 6, 0, 0, 0.02%, 0, 0, 3, 1567.96
1669737048, 1040, 4, 6, 0, 0, 0.02%, 0, 0, 3, 1576.42
1669737053, 1043, 1, 6, 0, 0, 0.02%, 0, 0, 3, 1588.80
1669737058, 1045, 4, 6, 0, 0, 0.02%, 0, 0, 3, 1604.99
1669737063, 1048, 2, 6, 0, 0, 0.02%, 0, 0, 3, 1626.29
1669737068, 1050, 4, 6, 0, 0, 0.02%, 0, 0, 3, 1515.69
1669737073, 1053, 2, 6, 0, 0, 0.02%, 0, 0, 3, 1609.88
1669737078, 1055, 4, 6, 0, 0, 0.02%, 0, 0, 3, 1557.50
1669737083, 1058, 0, 6, 0, 0, 0.02%, 0, 0, 3, 1558.70
1669737089, 1060, 5, 6, 0, 0, 0.02%, 0, 0, 3, 1680.53
1669737094, 1063, 4, 6, 0, 0, 0.02%, 0, 0, 3, 1700.94
1669737099, 1066, 2, 6, 0, 0, 0.02%, 0, 0, 3, 1687.51
1669737104, 1069, 0, 6, 0, 0, 0.02%, 0, 0, 3, 1709.66
1669737109, 1071, 4, 6, 0, 0, 0.02%, 0, 0, 3, 1709.98
1669737114, 1074, 2, 6, 0, 0, 0.02%, 0, 0, 3, 1724.05
1669737120, 1077, 1, 6, 0, 0, 0.02%, 0, 0, 3, 1721.61
1669737125, 1079, 5, 6, 0, 0, 0.02%, 0, 0, 3, 1706.67
1669737130, 1082, 4, 6, 0, 0, 0.02%, 0, 0, 3, 1717.60
1669737135, 1085, 2, 6, 0, 0, 0.02%, 0, 0, 3, 1735.27
1669737140, 1088, 0, 6, 0, 0, 0.02%, 0, 0, 3, 1726.52
1669737145, 1090, 4, 6, 0, 0, 0.02%, 0, 0, 3, 1718.25
1669737150, 1093, 4, 6, 0, 0, 0.02%, 0, 0, 3, 1722.88
1669737155, 1096, 2, 6, 0, 0, 0.02%, 0, 0, 3, 1726.44
1669737161, 1099, 0, 6, 0, 0, 0.02%, 0, 0, 3, 1720.58
1669737166, 1101, 5, 6, 0, 0, 0.02%, 0, 0, 3, 1693.67
1669737171, 1104, 3, 6, 0, 0, 0.02%, 0, 0, 3, 1725.65
1669737176, 1107, 2, 6, 0, 0, 0.02%, 0, 0, 3, 1717.66
1669737181, 1110, 0, 6, 0, 0, 0.02%, 0, 0, 3, 1725.38
1669737186, 1112, 4, 6, 0, 0, 0.02%, 0, 0, 3, 1702.21
1669737192, 1115, 4, 6, 0, 0, 0.02%, 0, 0, 3, 1707.47
1669737197, 1118, 2, 6, 0, 0, 0.02%, 0, 0, 3, 1718.22
1669737202, 1120, 5, 6, 0, 0, 0.02%, 0, 0, 3, 1622.55
1669737207, 1123, 3, 6, 0, 0, 0.02%, 0, 0, 3, 1670.23
1669737212, 1126, 2, 6, 0, 0, 0.02%, 0, 0, 3, 1709.63
1669737217, 1128, 5, 6, 0, 0, 0.02%, 0, 0, 3, 1713.76
1669737222, 1131, 4, 6, 0, 0, 0.02%, 0, 0, 3, 1712.99
1669737227, 1134, 2, 6, 0, 0, 0.02%, 0, 0, 3, 1692.86
1669737232, 1137, 0, 6, 0, 0, 0.02%, 0, 0, 3, 1703.65
1669737237, 1139, 5, 6, 0, 0, 0.02%, 0, 0, 3, 1717.28
1669737242, 1142, 4, 6, 0, 0, 0.02%, 0, 0, 3, 1741.14
1669737247, 1145, 2, 6, 0, 0, 0.02%, 0, 0, 3, 1691.08
1669737252, 1147, 5, 6, 0, 0, 0.02%, 0, 0, 3, 1688.62
1669737257, 1150, 3, 6, 0, 0, 0.02%, 0, 0, 3, 1688.27
1669737262, 1153, 0, 6, 0, 0, 0.02%, 0, 0, 3, 1698.68
1669737268, 1156, 0, 6, 0, 0, 0.02%, 0, 0, 3, 1711.56
1669737273, 1158, 4, 6, 0, 0, 0.02%, 0, 0, 3, 1728.55
1669737278, 1161, 3, 6, 0, 0, 0.02%, 0, 0, 3, 1723.90
1669737283, 1164, 2, 6, 0, 0, 0.02%, 0, 0, 3, 1725.12
1669737288, 1167, 1, 6, 0, 0, 0.02%, 0, 0, 3, 1719.89
1669737293, 1169, 5, 6, 0, 0, 0.02%, 0, 0, 3, 1715.22
1669737299, 1172, 4, 6, 0, 0, 0.02%, 0, 0, 3, 1725.96
1669737304, 1175, 3, 6, 0, 0, 0.02%, 0, 0, 3, 1748.72
1669737309, 1178, 2, 6, 0, 0, 0.02%, 0, 0, 3, 1721.83
1669737314, 1180, 5, 6, 0, 0, 0.02%, 0, 0, 3, 1662.54
1669737319, 1183, 4, 6, 0, 0, 0.02%, 0, 0, 3, 1686.38
1669737324, 1186, 2, 6, 0, 0, 0.02%, 0, 0, 3, 1694.05
1669737329, 1188, 5, 6, 0, 0, 0.02%, 0, 0, 3, 1693.35
1669737334, 1191, 3, 6, 0, 0, 0.02%, 0, 0, 3, 1680.30
1669737339, 1194, 1, 6, 0, 0, 0.02%, 0, 0, 3, 1723.79
1669737344, 1196, 5, 6, 0, 0, 0.02%, 0, 0, 3, 1678.85
1669737349, 1199, 3, 6, 0, 0, 0.02%, 0, 0, 3, 1672.18
1669737354, 1202, 1, 6, 0, 0, 0.02%, 0, 0, 3, 1700.83
1669737360, 1204, 5, 6, 0, 0, 0.02%, 0, 0, 3, 1662.80
1669737365, 1207, 2, 6, 0, 0, 0.02%, 0, 0, 3, 1622.49
1669737370, 1209, 5, 6, 0, 0, 0.02%, 0, 0, 3, 1611.40
1669737375, 1212, 4, 6, 0, 0, 0.02%, 0, 0, 3, 1597.23
1669737380, 1215, 3, 6, 0, 0, 0.02%, 0, 0, 3, 1651.26
1669737385, 1218, 1, 6, 0, 0, 0.02%, 0, 0, 3, 1688.88
1669737390, 1220, 5, 6, 0, 0, 0.02%, 0, 0, 3, 1706.17
1669737395, 1223, 4, 6, 0, 0, 0.02%, 0, 0, 3, 1665.17
1669737400, 1226, 2, 6, 0, 0, 0.02%, 0, 0, 3, 1671.83
1669737405, 1228, 5, 6, 0, 0, 0.02%, 0, 0, 3, 1675.19
1669737411, 1231, 4, 6, 0, 0, 0.02%, 0, 0, 3, 1698.88
1669737416, 1234, 2, 6, 0, 0, 0.02%, 0, 0, 3, 1680.92
1669737421, 1237, 0, 6, 0, 0, 0.02%, 0, 0, 3, 1681.09
1669737426, 1239, 3, 6, 0, 0, 0.02%, 0, 0, 3, 1662.15
1669737431, 1242, 2, 6, 0, 0, 0.02%, 0, 0, 3, 1692.66
1669737436, 1244, 5, 6, 0, 0, 0.02%, 0, 0, 3, 1693.27
1669737441, 1247, 4, 6, 0, 0, 0.02%, 0, 0, 3, 1715.89
1669737447, 1250, 2, 6, 0, 0, 0.02%, 0, 0, 3, 1679.60
1669737452, 1252, 5, 6, 0, 0, 0.02%, 0, 0, 3, 1700.45
1669737457, 1255, 4, 6, 0, 0, 0.02%, 0, 0, 3, 1685.54
1669737462, 1258, 2, 6, 0, 0, 0.02%, 0, 0, 3, 1702.66
1669737467, 1260, 5, 6, 0, 0, 0.02%, 0, 0, 3, 1633.34
1669737472, 1263, 3, 6, 0, 0, 0.02%, 0, 0, 3, 1681.22
1669737477, 1266, 2, 6, 0, 0, 0.02%, 0, 0, 3, 1703.58
1669737482, 1269, 0, 6, 0, 0, 0.02%, 0, 0, 3, 1714.51
1669737487, 1271, 4, 6, 0, 0, 0.02%, 0, 0, 3, 1737.52
1669737492, 1274, 3, 6, 0, 0, 0.02%, 0, 0, 3, 1701.91
1669737497, 1277, 0, 6, 0, 0, 0.02%, 0, 0, 3, 1705.67
1669737502, 1279, 5, 6, 0, 0, 0.02%, 0, 0, 3, 1724.61
1669737508, 1282, 4, 6, 0, 0, 0.02%, 0, 0, 3, 1709.61
1669737513, 1285, 3, 6, 0, 0, 0.02%, 0, 0, 3, 1680.51
1669737518, 1288, 0, 6, 0, 0, 0.02%, 0, 0, 3, 1637.47
1669737523, 1290, 4, 6, 0, 0, 0.02%, 0, 0, 3, 1669.29
1669737528, 1293, 2, 6, 0, 0, 0.02%, 0, 0, 3, 1659.85
1669737533, 1295, 4, 6, 0, 0, 0.02%, 0, 0, 3, 1695.79
1669737538, 1298, 4, 6, 0, 0, 0.02%, 0, 0, 3, 1719.28
1669737543, 1301, 2, 6, 0, 0, 0.02%, 0, 0, 3, 1697.77
1669737548, 1303, 5, 6, 0, 0, 0.02%, 0, 0, 3, 1666.79
1669737553, 1306, 4, 6, 0, 0, 0.02%, 0, 0, 3, 1703.68
1669737558, 1309, 2, 6, 0, 0, 0.02%, 0, 0, 3, 1704.41
1669737564, 1312, 0, 6, 0, 0, 0.02%, 0, 0, 3, 1693.48
1669737569, 1314, 5, 6, 0, 0, 0.02%, 0, 0, 3, 1709.22
1669737574, 1317, 3, 6, 0, 0, 0.02%, 0, 0, 3, 1676.88
1669737579, 1320, 2, 6, 0, 0, 0.02%, 0, 0, 3, 1701.21
1669737584, 1322, 5, 6, 0, 0, 0.02%, 0, 0, 3, 1668.96
1669737589, 1325, 4, 6, 0, 0, 0.02%, 0, 0, 3, 1657.55
1669737594, 1328, 3, 6, 0, 0, 0.02%, 0, 0, 3, 1695.29
1669737599, 1331, 1, 6, 0, 0, 0.02%, 0, 0, 3, 1698.78
1669737605, 1333, 4, 6, 0, 0, 0.02%, 0, 0, 3, 1635.16
1669737610, 1336, 3, 6, 0, 0, 0.02%, 0, 0, 3, 1723.36
1669737615, 1339, 0, 6, 0, 0, 0.02%, 0, 0, 3, 1692.04
1669737620, 1341, 4, 6, 0, 0, 0.02%, 0, 0, 3, 1670.76
1669737625, 1344, 2, 6, 0, 0, 0.02%, 0, 0, 3, 1624.71
1669737630, 1346, 5, 6, 0, 0, 0.02%, 0, 0, 3, 1671.36
1669737635, 1349, 3, 6, 0, 0, 0.02%, 0, 0, 3, 1555.50
1669737640, 1352, 0, 6, 0, 0, 0.02%, 0, 0, 3, 1626.79
1669737645, 1354, 3, 6, 0, 0, 0.02%, 0, 0, 3, 1594.82
1669737650, 1357, 0, 6, 0, 0, 0.02%, 0, 0, 3, 1614.18
1669737656, 1359, 4, 6, 0, 0, 0.02%, 0, 0, 3, 1636.01
1669737661, 1362, 3, 6, 0, 0, 0.02%, 0, 0, 3, 1704.89
1669737666, 1364, 5, 6, 0, 0, 0.02%, 0, 0, 3, 1609.42
1669737671, 1367, 2, 6, 0, 0, 0.02%, 0, 0, 3, 1631.33
1669737676, 1369, 5, 6, 0, 0, 0.02%, 0, 0, 3, 1638.37
1669737681, 1372, 5, 6, 0, 0, 0.02%, 0, 0, 3, 1685.87
1669737686, 1375, 4, 6, 0, 0, 0.02%, 0, 0, 3, 1724.90
1669737691, 1378, 2, 6, 0, 0, 0.02%, 0, 0, 3, 1706.48
1669737696, 1380, 5, 6, 0, 0, 0.02%, 0, 0, 3, 1643.90
1669737702, 1383, 3, 6, 0, 0, 0.02%, 0, 0, 3, 1659.05
1669737707, 1386, 2, 6, 0, 0, 0.02%, 0, 0, 3, 1709.93
1669737712, 1389, 0, 6, 0, 0, 0.02%, 0, 0, 3, 1716.43
1669737717, 1391, 4, 6, 0, 0, 0.02%, 0, 0, 3, 1708.35
1669737722, 1394, 3, 6, 0, 0, 0.02%, 0, 0, 3, 1707.25
1669737727, 1397, 1, 6, 0, 0, 0.02%, 0, 0, 3, 1702.29
1669737732, 1399, 5, 6, 0, 0, 0.02%, 0, 0, 3, 1717.39
1669737738, 1402, 3, 6, 0, 0, 0.02%, 0, 0, 3, 1718.88
1669737743, 1405, 2, 6, 0, 0, 0.02%, 0, 0, 3, 1724.10
1669737748, 1408, 0, 6, 0, 0, 0.02%, 0, 0, 3, 1721.19
1669737753, 1410, 4, 6, 0, 0, 0.02%, 0, 0, 3, 1723.55
1669737758, 1413, 3, 6, 0, 0, 0.02%, 0, 0, 3, 1703.44
1669737763, 1416, 2, 6, 0, 0, 0.02%, 0, 0, 3, 1704.42
1669737768, 1418, 5, 6, 0, 0, 0.02%, 0, 0, 3, 1714.09
1669737773, 1421, 3, 6, 0, 0, 0.02%, 0, 0, 3, 1711.92
1669737778, 1424, 2, 6, 0, 0, 0.02%, 0, 0, 3, 1722.76
1669737783, 1426, 5, 6, 0, 0, 0.02%, 0, 0, 3, 1716.30
1669737788, 1429, 5, 6, 0, 0, 0.02%, 0, 0, 3, 1714.73
1669737794, 1432, 4, 6, 0, 0, 0.02%, 0, 0, 3, 1703.82
1669737799, 1435, 2, 6, 0, 0, 0.02%, 0, 0, 3, 1679.90
1669737804, 1437, 5, 6, 0, 0, 0.02%, 0, 0, 3, 1640.45
1669737809, 1440, 3, 6, 0, 0, 0.02%, 0, 0, 3, 1629.24
1669737814, 1442, 5, 6, 0, 0, 0.02%, 0, 0, 3, 1521.82
1669737819, 1445, 3, 6, 0, 0, 0.02%, 0, 0, 3, 1553.06
1669737824, 1448, 0, 6, 0, 0, 0.02%, 0, 0, 3, 1588.32
1669737829, 1450, 4, 6, 0, 0, 0.02%, 0, 0, 3, 1613.61
1669737835, 1453, 1, 6, 0, 0, 0.02%, 0, 0, 3, 1591.53
1669737840, 1455, 5, 6, 0, 0, 0.02%, 0, 0, 3, 1648.61
1669737845, 1458, 2, 6, 0, 0, 0.02%, 0, 0, 3, 1605.13
1669737850, 1461, 0, 6, 0, 0, 0.02%, 0, 0, 3, 1671.13
1669737855, 1463, 4, 6, 0, 0, 0.02%, 0, 0, 3, 1648.64
1669737860, 1466, 2, 6, 0, 0, 0.02%, 0, 0, 3, 1625.71
1669737865, 1468, 5, 6, 0, 0, 0.02%, 0, 0, 3, 1641.27
1669737870, 1471, 4, 6, 0, 0, 0.02%, 0, 0, 3, 1673.66
1669737875, 1474, 2, 6, 0, 0, 0.02%, 0, 0, 3, 1650.58
1669737880, 1476, 5, 6, 0, 0, 0.02%, 0, 0, 3, 1689.47
1669737886, 1479, 3, 6, 0, 0, 0.02%, 0, 0, 3, 1671.40
1669737891, 1482, 1, 6, 0, 0, 0.02%, 0, 0, 3, 1676.27
1669737896, 1484, 5, 6, 0, 0, 0.02%, 0, 0, 3, 1682.75
1669737901, 1487, 4, 6, 0, 0, 0.02%, 0, 0, 3, 1679.14
1669737906, 1490, 0, 6, 0, 0, 0.02%, 0, 0, 3, 1609.63
1669737911, 1492, 4, 6, 0, 0, 0.02%, 0, 0, 3, 1662.06
1669737916, 1495, 3, 6, 0, 0, 0.02%, 0, 0, 3, 1701.62
1669737922, 1498, 2, 6, 0, 0, 0.02%, 0, 0, 3, 1698.70
1669737927, 1500, 5, 6, 0, 0, 0.02%, 0, 0, 3, 1697.57
1669737932, 1503, 3, 6, 0, 0, 0.02%, 0, 0, 3, 1689.94
1669737937, 1506, 1, 6, 0, 0, 0.02%, 0, 0, 3, 1649.06
1669737942, 1508, 5, 6, 0, 0, 0.02%, 0, 0, 3, 1660.04
1669737947, 1511, 4, 6, 0, 0, 0.02%, 0, 0, 3, 1703.17
1669737952, 1514, 3, 6, 0, 0, 0.02%, 0, 0, 3, 1709.77
1669737957, 1517, 0, 6, 0, 0, 0.02%, 0, 0, 3, 1709.90
1669737962, 1519, 4, 6, 0, 0, 0.02%, 0, 0, 3, 1708.30
1669737967, 1522, 2, 6, 0, 0, 0.02%, 0, 0, 3, 1689.54
1669737973, 1525, 0, 6, 0, 0, 0.02%, 0, 0, 3, 1705.67
1669737978, 1527, 5, 6, 0, 0, 0.02%, 0, 0, 3, 1704.31
1669737983, 1530, 3, 6, 0, 0, 0.02%, 0, 0, 3, 1724.24
1669737988, 1533, 2, 6, 0, 0, 0.02%, 0, 0, 3, 1718.41
1669737993, 1536, 0, 6, 0, 0, 0.02%, 0, 0, 3, 1706.39
1669737998, 1538, 5, 6, 0, 0, 0.02%, 0, 0, 3, 1688.65
1669738003, 1541, 3, 6, 0, 0, 0.02%, 0, 0, 3, 1683.74
1669738008, 1544, 0, 6, 0, 0, 0.02%, 0, 0, 3, 1605.85
1669738014, 1546, 4, 6, 0, 0, 0.02%, 0, 0, 3, 1637.84
1669738019, 1549, 2, 6, 0, 0, 0.02%, 0, 0, 3, 1669.21
1669738024, 1551, 5, 6, 0, 0, 0.02%, 0, 0, 3, 1627.04
1669738029, 1554, 3, 6, 0, 0, 0.02%, 0, 0, 3, 1670.32
1669738034, 1557, 1, 6, 0, 0, 0.02%, 0, 0, 3, 1669.89
1669738039, 1559, 5, 6, 0, 0, 0.02%, 0, 0, 3, 1641.18
1669738044, 1562, 4, 6, 0, 0, 0.02%, 0, 0, 3, 1679.56
1669738049, 1565, 2, 6, 0, 0, 0.02%, 0, 0, 3, 1686.23
1669738054, 1567, 5, 6, 0, 0, 0.02%, 0, 0, 3, 1612.62
1669738059, 1570, 3, 6, 0, 0, 0.02%, 0, 0, 3, 1696.74
1669738065, 1573, 2, 6, 0, 0, 0.02%, 0, 0, 3, 1639.87
1669738070, 1575, 4, 6, 0, 0, 0.02%, 0, 0, 3, 1583.46
1669738075, 1578, 3, 6, 0, 0, 0.02%, 0, 0, 3, 1685.57
1669738080, 1581, 2, 6, 0, 0, 0.02%, 0, 0, 3, 1715.30
1669738085, 1584, 1, 6, 0, 0, 0.02%, 0, 0, 3, 1704.46
1669738090, 1586, 5, 6, 0, 0, 0.02%, 0, 0, 3, 1701.44
1669738096, 1589, 3, 6, 0, 0, 0.02%, 0, 0, 3, 1673.29
1669738101, 1592, 0, 6, 0, 0, 0.02%, 0, 0, 3, 1625.17
1669738106, 1594, 3, 6, 0, 0, 0.02%, 0, 0, 3, 1614.93
1669738111, 1597, 2, 6, 0, 0, 0.02%, 0, 0, 3, 1651.75
1669738116, 1600, 0, 6, 0, 0, 0.02%, 0, 0, 3, 1668.54
1669738122, 1602, 2, 6, 0, 0, 0.02%, 0, 0, 3, 24.88
1669738127, 1604, 5, 6, 0, 0, 0.02%, 0, 0, 3, 1675.71
1669738132, 1607, 4, 6, 0, 0, 0.02%, 0, 0, 3, 1716.38
1669738137, 1610, 3, 6, 0, 0, 0.02%, 0, 0, 3, 1712.73
1669738142, 1613, 1, 6, 0, 0, 0.02%, 0, 0, 3, 1715.25
1669738147, 1615, 5, 6, 0, 0, 0.02%, 0, 0, 3, 1701.01
1669738153, 1618, 4, 6, 0, 0, 0.02%, 0, 0, 3, 1625.87
1669738158, 1621, 0, 6, 0, 0, 0.02%, 0, 0, 3, 1586.92
1669738163, 1623, 3, 6, 0, 0, 0.02%, 0, 0, 3, 1586.45
1669738168, 1626, 0, 6, 0, 0, 0.02%, 0, 0, 3, 1573.05
1669738173, 1628, 5, 6, 0, 0, 0.02%, 0, 0, 3, 1675.17
1669738178, 1631, 3, 6, 0, 0, 0.02%, 0, 0, 3, 1640.09
1669738183, 1634, 0, 6, 0, 0, 0.02%, 0, 0, 3, 1616.65
1669738188, 1636, 4, 6, 0, 0, 0.02%, 0, 0, 3, 1662.99
1669738193, 1639, 3, 6, 0, 0, 0.02%, 0, 0, 3, 1702.38
1669738199, 1642, 2, 6, 0, 0, 0.02%, 0, 0, 3, 1701.09
1669738204, 1644, 5, 6, 0, 0, 0.02%, 0, 0, 3, 1704.28
1669738209, 1647, 4, 6, 0, 0, 0.02%, 0, 0, 3, 1711.92
1669738214, 1650, 2, 6, 0, 0, 0.02%, 0, 0, 3, 1669.23
1669738219, 1652, 5, 6, 0, 0, 0.02%, 0, 0, 3, 1630.90
1669738224, 1655, 3, 6, 0, 0, 0.02%, 0, 0, 3, 1593.86
1669738229, 1658, 1, 6, 0, 0, 0.02%, 0, 0, 3, 1662.25
1669738234, 1660, 5, 6, 0, 0, 0.02%, 0, 0, 3, 1664.47
1669738240, 1663, 4, 6, 0, 0, 0.02%, 0, 0, 3, 1704.64
1669738245, 1666, 2, 6, 0, 0, 0.02%, 0, 0, 3, 1709.24
1669738250, 1669, 0, 6, 0, 0, 0.02%, 0, 0, 3, 1709.00
1669738255, 1671, 5, 6, 0, 0, 0.02%, 0, 0, 3, 1703.36
1669738260, 1674, 3, 6, 0, 0, 0.02%, 0, 0, 3, 1706.63
1669738265, 1677, 0, 6, 0, 0, 0.02%, 0, 0, 3, 1650.53
1669738270, 1679, 4, 6, 0, 0, 0.02%, 0, 0, 3, 1621.44
1669738275, 1682, 0, 6, 0, 0, 0.02%, 0, 0, 3, 1548.75
1669738280, 1684, 5, 6, 0, 0, 0.02%, 0, 0, 3, 1685.41
1669738285, 1687, 3, 6, 0, 0, 0.02%, 0, 0, 3, 1705.10
1669738291, 1690, 3, 6, 0, 0, 0.02%, 0, 0, 3, 1733.63
1669738296, 1693, 0, 6, 0, 0, 0.02%, 0, 0, 3, 1693.29
1669738301, 1695, 4, 6, 0, 0, 0.02%, 0, 0, 3, 1641.44
1669738306, 1698, 3, 6, 0, 0, 0.02%, 0, 0, 3, 1659.19
1669738311, 1701, 0, 6, 0, 0, 0.02%, 0, 0, 3, 1645.02
1669738317, 1703, 5, 6, 0, 0, 0.02%, 0, 0, 3, 1704.84
1669738322, 1706, 4, 6, 0, 0, 0.02%, 0, 0, 3, 1709.01
1669738327, 1709, 3, 6, 0, 0, 0.02%, 0, 0, 3, 1692.27
1669738332, 1712, 2, 6, 0, 0, 0.02%, 0, 0, 3, 1712.28
1669738337, 1714, 5, 6, 0, 0, 0.02%, 0, 0, 3, 1701.40
1669738342, 1717, 4, 6, 0, 0, 0.02%, 0, 0, 3, 1709.58
1669738347, 1720, 2, 6, 0, 0, 0.02%, 0, 0, 3, 1677.82
1669738352, 1722, 5, 6, 0, 0, 0.02%, 0, 0, 3, 1658.91
1669738357, 1725, 4, 6, 0, 0, 0.02%, 0, 0, 3, 1702.39
1669738363, 1728, 2, 6, 0, 0, 0.02%, 0, 0, 3, 1695.12
1669738368, 1730, 2, 6, 0, 0, 0.02%, 0, 0, 3, 1356.70
1669738373, 1732, 5, 6, 0, 0, 0.02%, 0, 0, 3, 1592.67
1669738378, 1735, 3, 6, 0, 0, 0.02%, 0, 0, 3, 1605.86
1669738383, 1738, 1, 6, 0, 0, 0.02%, 0, 0, 3, 1666.02
1669738388, 1740, 5, 6, 0, 0, 0.02%, 0, 0, 3, 1653.72
1669738393, 1743, 2, 6, 0, 0, 0.02%, 0, 0, 3, 1491.79
1669738398, 1745, 4, 6, 0, 0, 0.02%, 0, 0, 3, 1451.54
1669738403, 1748, 1, 6, 0, 0, 0.02%, 0, 0, 3, 1573.85
1669738409, 1750, 5, 6, 0, 0, 0.02%, 0, 0, 3, 1630.99
1669738414, 1753, 4, 6, 0, 0, 0.02%, 0, 0, 3, 1699.44
1669738419, 1756, 3, 6, 0, 0, 0.02%, 0, 0, 3, 1702.34
1669738424, 1759, 1, 6, 0, 0, 0.02%, 0, 0, 3, 1719.77
1669738429, 1762, 0, 6, 0, 0, 0.02%, 0, 0, 3, 1732.36
1669738434, 1764, 3, 6, 0, 0, 0.02%, 0, 0, 3, 1716.05
1669738439, 1767, 2, 6, 0, 0, 0.02%, 0, 0, 3, 1730.43
1669738444, 1770, 1, 6, 0, 0, 0.02%, 0, 0, 3, 1725.91
1669738449, 1772, 5, 6, 0, 0, 0.02%, 0, 0, 3, 1746.61
1669738455, 1775, 4, 6, 0, 0, 0.02%, 0, 0, 3, 1748.01
1669738460, 1778, 3, 6, 0, 0, 0.02%, 0, 0, 3, 1747.90
1669738465, 1781, 0, 6, 0, 0, 0.02%, 0, 0, 3, 1715.94
1669738470, 1783, 5, 6, 0, 0, 0.02%, 0, 0, 3, 1720.35
1669738475, 1786, 4, 6, 0, 0, 0.02%, 0, 0, 3, 1746.08
1669738480, 1789, 4, 6, 0, 0, 0.02%, 0, 0, 3, 1753.29
1669738485, 1792, 2, 6, 0, 0, 0.02%, 0, 0, 3, 1723.79
1669738490, 1795, 0, 6, 0, 0, 0.02%, 0, 0, 3, 1718.70
1669738495, 1797, 5, 6, 0, 0, 0.02%, 0, 0, 3, 1736.23
1669738500, 1800, 4, 6, 0, 0, 0.02%, 0, 0, 3, 1726.37
1669738506, 1803, 2, 6, 0, 0, 0.02%, 0, 0, 3, 1706.46
1669738511, 1806, 0, 6, 0, 0, 0.02%, 0, 0, 3, 1715.90
1669738516, 1808, 5, 6, 0, 0, 0.02%, 0, 0, 3, 1720.16
1669738521, 1811, 3, 6, 0, 0, 0.02%, 0, 0, 3, 1708.61
1669738526, 1814, 2, 6, 0, 0, 0.02%, 0, 0, 3, 1724.95
1669738531, 1816, 5, 6, 0, 0, 0.02%, 0, 0, 3, 1729.70
1669738536, 1819, 4, 6, 0, 0, 0.02%, 0, 0, 3, 1703.67
1669738541, 1822, 4, 6, 0, 0, 0.02%, 0, 0, 3, 1729.79
1669738547, 1825, 3, 6, 0, 0, 0.02%, 0, 0, 3, 1727.35
1669738552, 1828, 2, 6, 0, 0, 0.02%, 0, 0, 3, 1706.44
1669738557, 1831, 0, 6, 0, 0, 0.02%, 0, 0, 3, 1723.77
1669738562, 1833, 5, 6, 0, 0, 0.02%, 0, 0, 3, 1692.26
1669738567, 1836, 3, 6, 0, 0, 0.02%, 0, 0, 3, 1690.09
1669738573, 1839, 2, 6, 0, 0, 0.02%, 0, 0, 3, 1712.90
1669738578, 1841, 5, 6, 0, 0, 0.02%, 0, 0, 3, 1707.00
1669738583, 1844, 4, 6, 0, 0, 0.02%, 0, 0, 3, 1720.65
1669738588, 1847, 2, 6, 0, 0, 0.02%, 0, 0, 3, 1731.63
1669738593, 1849, 5, 6, 0, 0, 0.02%, 0, 0, 3, 1728.54
1669738598, 1852, 4, 6, 0, 0, 0.02%, 0, 0, 3, 1695.65
1669738603, 1855, 3, 6, 0, 0, 0.02%, 0, 0, 3, 1716.07
1669738608, 1858, 1, 6, 0, 0, 0.02%, 0, 0, 3, 1692.95
1669738614, 1860, 5, 6, 0, 0, 0.02%, 0, 0, 3, 1644.06
1669738619, 1863, 3, 6, 0, 0, 0.02%, 0, 0, 3, 1661.42
1669738624, 1866, 0, 6, 0, 0, 0.02%, 0, 0, 3, 1686.22
1669738629, 1868, 4, 6, 0, 0, 0.02%, 0, 0, 3, 1723.91
1669738634, 1871, 2, 6, 0, 0, 0.02%, 0, 0, 3, 1747.80
1669738639, 1874, 0, 6, 0, 0, 0.02%, 0, 0, 3, 1736.26
1669738644, 1876, 5, 6, 0, 0, 0.02%, 0, 0, 3, 1730.55
1669738649, 1879, 3, 6, 0, 0, 0.02%, 0, 0, 3, 1728.72
1669738654, 1882, 2, 6, 0, 0, 0.02%, 0, 0, 3, 1718.54
1669738659, 1885, 0, 6, 0, 0, 0.02%, 0, 0, 3, 1722.21
1669738664, 1887, 5, 6, 0, 0, 0.02%, 0, 0, 3, 1727.23
1669738670, 1890, 5, 6, 0, 0, 0.02%, 0, 0, 3, 1721.93
1669738675, 1893, 4, 6, 0, 0, 0.02%, 0, 0, 3, 1713.65
1669738680, 1896, 2, 6, 0, 0, 0.02%, 0, 0, 3, 1716.24
1669738685, 1899, 0, 6, 0, 0, 0.02%, 0, 0, 3, 1707.25
1669738690, 1901, 4, 6, 0, 0, 0.02%, 0, 0, 3, 1689.45
1669738695, 1904, 3, 6, 0, 0, 0.02%, 0, 0, 3, 1727.32
1669738700, 1907, 2, 6, 0, 0, 0.02%, 0, 0, 3, 1724.72
1669738706, 1910, 1, 6, 0, 0, 0.02%, 0, 0, 3, 1705.47
1669738711, 1912, 5, 6, 0, 0, 0.02%, 0, 0, 3, 1708.15
1669738716, 1915, 4, 6, 0, 0, 0.02%, 0, 0, 3, 1728.66
1669738721, 1918, 3, 6, 0, 0, 0.02%, 0, 0, 3, 1722.54
1669738726, 1920, 5, 6, 0, 0, 0.02%, 0, 0, 3, 1681.48
